Acc0	Acc1	AccAver	threshold
0.7507747512640679	0.6921232244973252	0.7214489878806966	0.762592526545739
0.8414614255423258	0.7518907950562627	0.7966761102992943	0.15420679571259344
0.8509215462404176	0.750599520383693	0.8007605333120553	0.1843013891157157
0.8059044201598434	0.7400848551927689	0.7729946376763062	0.6444352677751783
0.08807698580981896	0.9265818114738978	0.5073293986418584	-0.9644952437577972
0.9355733159354103	0.10625345877144439	0.5209133873534273	-0.2690393960189451
0.89349208938183	0.1588267847260653	0.5261594370539476	-0.33852885058706583
0.9993475778828902	0.0020291459140380002	0.5006883618984641	0.9366306574135044
0.9915185124775729	0.01162147205312673	0.5015699922653498	0.7544093769685267
0.9990213668243354	0.0020291459140380002	0.5005252563691867	0.9997833456009637
0.9991844723536127	0.0011068068622025456	0.5001456396079076	0.9999922299450021
0.998532050236503	0.0016602102933038186	0.5000961302649034	0.9999946920601575
0.3976512803784048	0.6578122117690463	0.5277317460737255	0.4421088018674191
0.33143043549176315	0.7102010699133001	0.5208157527025317	0.23326118599376788
0.35915837546892837	0.6943368382217303	0.5267476068453294	0.3209132957153733
0.571684880117436	0.5463936543073233	0.5590392672123796	0.7879670437206847
0.0004893165878323275	0.9998155321896329	0.5001524243887326	-0.998622885327221
0.0017941608220518675	0.9985242575170633	0.5001592091695576	-0.9964746819153146
0.519001794160822	0.6128020660394761	0.5659019301001491	0.7298104405542356
0.46876529114336973	0.6299575724036156	0.5493614317734927	0.6149228625971479
0.6375795139455227	0.5248109204943737	0.5811952172199482	0.8406897593381895
0.6232262273691078	0.557830658550083	0.5905284429595954	0.7792231879314278
0.32735279725982713	0.7135214904999078	0.5204371438798674	-0.3454000096097176
0.3183819931495678	0.7362110311750599	0.5272965121623139	-0.15323916560654738
0.4860544772467787	0.6472975465781221	0.5666760119124504	0.646781586422398
0.6669385092154624	0.49566500645637335	0.5813017578359179	0.8448813009807734
0.6069156744413635	0.5122671093894116	0.5595913919153875	0.6677213162503264
0.6346436144185288	0.4940047961630695	0.5643242052907992	0.7580053255156918
0.9993475778828902	0.0012912746725696365	0.50031942627773	0.9999950624554792
0.11596803131626163	0.8854454897620365	0.5007067605391491	-0.9696094926494261
0.0021203718806067527	0.9990776609481645	0.5005990164143856	-0.999989273812855
0.054314141249388354	0.9479800774764804	0.5011471093629344	-0.9927380812942739
0.0027727939977165226	0.998155321896329	0.5004640579470228	-0.9999954648455359
0.9993475778828902	0.0009223390518354548	0.5001349584673628	0.9999829884712517
0.001631055292774425	0.9994465965688988	0.5005388259308367	-0.9999976991656192
1.0	0.0	0.5	inf
0.000978633175664655	0.9992621287585316	0.5001203809670981	-0.9999981047632268
0.031805578209101286	0.973621103117506	0.5027133406633036	-0.9976947267746097
0.8815853857445768	0.13355469470577383	0.5075700402251753	0.6473876373697491
0.8685369434023813	0.14960339420771077	0.5090701688050461	0.5848811543584904
0.8244984504974718	0.21508946688802805	0.5197939586927499	0.45411002607596807
0.7184798564671342	0.35380926028408044	0.5361445583756073	0.14496610596391202
0.41706083836242047	0.7657258808337944	0.5913933595981075	-0.48587649386024356
0.3922687979122492	0.7779007563180225	0.5850847771151358	-0.27810467560505614
0.6026749306801501	0.4565578306585501	0.5296163806693501	0.049578180578716324
0.7057576251834937	0.3604501014572957	0.5331038633203947	0.2770175225387552
0.764475615723373	0.29625530344954804	0.5303654595864605	0.4101334845218396
0.869515576578046	0.1833610035048884	0.5264382900414672	0.6901163866133266
0.8352634154297831	0.23261390887290168	0.5339386621513424	0.5869557912197512
0.09411189039308432	0.9088729016786571	0.5014923960358707	-0.9746288134595671
0.9107812754852389	0.1160302527209002	0.5134057641030696	0.8953906335768709
0.8594030337628445	0.17893377605607821	0.5191684049094614	0.7644444156456809
0.1370086445930517	0.8658919018631249	0.5014502732280883	-0.9467633566985317
0.8828902299787963	0.1446227633277993	0.5137564966532978	0.7911254839941744
0.2663513293100636	0.7498616491422246	0.5081064892261441	-0.7927290109546323
0.0017941608220518675	0.9990776609481645	0.5004359108851082	-0.9999891088599571
0.0004893165878323275	1.0	0.5002446582939162	-0.9999994448367787
0.22231283640515415	0.7959786017339974	0.5091457190695757	-0.6027063065927312
0.2436796607404991	0.8098136875115293	0.5267466741260142	-0.6164358823648788
0.8341216767248409	0.20217672016233168	0.5181491984435863	0.6428241166320467
0.7944870331104225	0.2645268400664084	0.5295069365884154	0.525707211352765
0.8930027727939978	0.12156428703191294	0.5072835299129553	0.964067666253078
0.020714402218235197	0.9824755580151263	0.5015949801166808	-0.9973741812326566
0.8468439080084815	0.1829920678841542	0.5149179879463178	0.9189504219419438
0.7160332735279726	0.32466334624608006	0.5203483098870263	0.7301992328740134
0.9350839993475779	0.07175797823279838	0.5034209887901882	0.981364279378709
0.005708693524710488	0.9948349013097214	0.500271797417216	-0.9997790623919942
0.1508726145816343	0.8527946873270614	0.5018336509543478	-0.9350461186182806
0.03784048279236666	0.9658734550820882	0.5018569689372274	-0.9956961480231462
0.004403849290490948	0.9977863862755949	0.5010951177830429	-0.9999232269561491
0.7804599575925624	0.25973067699686403	0.5200953172947131	0.8236219205994519
0.7771978470070136	0.3014204021398266	0.5393091245734201	0.5213114561573082
0.29195889740662206	0.7249584947426674	0.5084586960746447	-0.8002863462668283
0.24237481650627957	0.7755026747832503	0.5089387456447649	-0.8637190369882637
0.8179742293263742	0.24774026932300314	0.5328572493246887	0.4389960360932901
0.24726798238460285	0.770890979524073	0.509079480954338	-0.8574528400057229
0.6692219866253466	0.4263051097583472	0.5477635481918469	-0.030945487047332243
0.000978633175664655	0.9994465965688988	0.5002126148722817	-0.9999988020095928
0.8351003099005057	0.2078952222837115	0.5214977660921085	0.6775699696475739
0.6615560267493068	0.43847998524257514	0.550018005995941	0.18875310284180435
0.4757788289022998	0.6644530529422615	0.5701159409222807	-0.31989154749070114
0.8846843908008482	0.11935067330750784	0.502017532054178	0.9620094819630232
0.8297178274343501	0.18188526102195168	0.5058015442281509	0.9231605544263846
0.008318381993149567	0.9926212875853163	0.5004698347892329	-0.9998294129023627
0.8395041591909965	0.22652647113078767	0.5330153151608921	0.6102990065789202
0.8050888925134562	0.26618705035971224	0.5356379714365842	0.49955496300898217
0.8261295057902462	0.24368197749492715	0.5349057416425866	0.5657439945805622
0.38117762192138316	0.7664637520752628	0.573820686998323	-0.5121816257059307
0.43565486870004894	0.6991330012912746	0.5673939349956618	-0.42672426413167197
0.00782906540531724	0.993912562257886	0.5008708138316016	-0.999780823051806
0.003588321644103735	0.9972329828444937	0.5004106522442987	-0.9999680662747478
0.04110259337791551	0.9621840988747463	0.5016433461263309	-0.9944388433989018
0.037188060675256894	0.9662423907028224	0.5017152256890396	-0.9958076124987086
0.7241885499918447	0.3871979339605239	0.5556932419761843	0.3006867815788905
0.877997064100473	0.14849658734550822	0.5132468257229906	0.8342694248432665
0.6829228510846518	0.3562073418188526	0.5195650964517522	0.7035939333111483
0.3120208775077475	0.7943183914406936	0.5531696344742205	-0.3845226353744263
0.4473984668080248	0.5919572034679949	0.5196778351380098	0.240255323152466
0.39047463709019736	0.6926766279284264	0.541575632509312	-0.045996920718430534
0.598597292448214	0.5430732337207157	0.5708352630844649	-0.07544271911100098
0.6860218561409231	0.45545102379634755	0.5707364399686353	0.15608316670219113
0.8063937367476758	0.20494373731783805	0.5056687370327569	0.9049169716057921
1.0	0.00018446781036709093	0.5000922339051835	0.9999999994935438
0.0008155276463872126	0.9996310643792659	0.5002232960128266	-0.9999976495390385
0.7760561083020714	0.2541966426858513	0.5151263754939613	0.9017545210237385
0.9779807535475452	0.02324294410625346	0.5006118488268994	0.9986884713775428
0.7059207307127712	0.33499354362663714	0.5204571371697042	0.8328920766735999
0.5441200456695482	0.50285925106069	0.523489648365119	0.5772456531164563
0.5676072418854999	0.4892086330935252	0.5284079374895125	0.6150696105596591
0.399934757788289	0.7839881940601365	0.5919614759242128	-0.04723998396000151
0.4369597129342685	0.793027116768124	0.6149934148511962	-0.11448080383461257
0.52487359321481	0.7338129496402878	0.6293432714275489	-0.19299516462265032
0.4635459142064916	0.7520752628666297	0.6078105885365607	0.06381006397401512
0.4672973413798728	0.7902600996126176	0.6287787204962452	-0.18185433988603972
0.5051378241722394	0.7044825677919203	0.6048101959820799	0.16567567208810896
0.8512477572989724	0.15974912377790076	0.5054984405384366	0.9620638819403842
0.0014679497634969825	0.9987087253274304	0.5000883375454637	-0.9999914670632835
0.0004893165878323275	1.0	0.5002446582939162	-0.9999987497430971
0.00032621105855488503	0.9998155321896329	0.5000708716240939	-0.9999997541251189
0.5105203066383951	0.6057922892455266	0.5581562979419609	0.4246503783290865
0.5160658946338281	0.6417635122671094	0.5789147034504687	0.3807884824366612
0.5468928396672648	0.6288507655414131	0.5878718026043389	0.418667785990561
0.5126406785190017	0.7559490868843387	0.6342948827016702	-0.07739998517506219
0.37922035557005385	0.6578122117690463	0.51851628366955	0.15358846515701474
0.38965910944381016	0.7561335546947058	0.5728963320692579	-0.005526162518198041
0.0006524221171097701	1.0	0.5003262110585549	-0.9999994076122836
0.0008155276463872126	1.0	0.5004077638231936	-0.9999980514528747
0.4322296525852226	0.6666666666666666	0.5494481596259446	0.23041519149867518
0.41510357201109116	0.6865891901863125	0.5508463810987019	-0.1510892454208469
0.9797749143695972	0.021213798192215458	0.5004943562809063	0.9985090009959361
0.30076659598760397	0.7553956834532374	0.5280811397204207	-0.3469081597260947
0.9091502201924645	0.0916805017524442	0.5004153609724543	0.9673300392985718
0.995596150709509	0.006087437742114001	0.5008417942258115	0.9999227821969496
0.7256564997553417	0.33480907581627006	0.530232787785806	0.25490511034377006
0.6698744087424564	0.4501014572957019	0.5599879330190791	0.3247105744026424
0.9998368944707225	0.00036893562073418186	0.5001029150457283	0.9999980557348422
0.9964116783558963	0.005534034311012728	0.5009728563334545	0.999920545093127
0.7491436959712934	0.3399741745065486	0.544558935238921	0.3976458480196312
0.7364214646876529	0.3835085777531821	0.5599650212204175	0.3809939250880854
0.7051052030663839	0.358974358974359	0.5320397810203714	0.22837373122446158
0.7175012232914696	0.39955727725511897	0.5585292502732943	0.41440395289385146
0.21171097700212038	0.7969009407858328	0.5043059588939767	-0.5817446895257248
0.19605284619148589	0.8146098505810736	0.5053313483862798	-0.6405420430246231
0.2497145653237645	0.7852794687327062	0.5174970170282354	-0.5073525616044345
0.42798890882400914	0.6722007009776794	0.5500948049008443	-0.10371512127121019
0.7543630729081716	0.39383877513373916	0.5741009240209554	0.38983306488439595
0.6410047300603491	0.44714997232982845	0.5440773511950887	-0.22669602976781877
0.7357690425705431	0.4215089466888028	0.5786389946296729	0.21664612170057285
0.7789920078290654	0.3774211400110681	0.5782065739200668	0.4938119890816761
0.004077638231936063	0.9974174506548608	0.5007475444433984	-0.999974258614372
