Acc0	Acc1	AccAver	threshold
0.7507747512640679	0.6921232244973252	0.7214489878806966	0.806252599291785
0.8931658783232752	0.669249216011806	0.7812075471675406	0.13993170750330197
0.8447235361278748	0.6600258254934513	0.752374680810663	-0.056384490902618545
0.8687000489316588	0.5698210662239439	0.7192605575778013	-0.5278204160061244
0.9005056271407601	0.6163069544364509	0.7584062907886056	0.409156356935648
0.8760397977491436	0.6788415421508947	0.7774406699500191	0.08389409761928346
0.48670689936388845	0.8347168419110865	0.6607118706374875	0.2587883898452381
0.01908334692546077	0.9920678841542151	0.505575615539838	-0.5013178525797722
0.363072908171587	0.8957756871425936	0.6294242976570903	0.34151478269216295
0.7010275648344478	0.8184836745987825	0.7597556197166151	0.4605875977824718
0.6959712934268472	0.825493451392732	0.7607323724097896	0.3576144512044912
0.7905725004077638	0.7255118981737687	0.7580421992907662	0.10357092436516568
0.7408253139781439	0.6500645637336285	0.6954449388558862	-0.4955310530426822
0.002283477409884195	0.997970854085962	0.500127165747923	-0.9999958369634258
1.0	0.00036893562073418186	0.5001844678103671	0.9999999473292811
0.30533355080737234	0.7518907950562627	0.5286121729318175	-0.8396354271649205
0.6607404991029195	0.6698026194429072	0.6652715592729134	-0.08627329761882219
0.6881422280215299	0.7273565762774395	0.7077494021494848	0.30101322917813356
0.43924319034415266	0.8522412838959601	0.6457422371200564	0.05696744585049229
0.5643451312999511	0.8230953698579598	0.6937202505789555	0.18570154153734952
0.6235524384276627	0.732152739346984	0.6778525888873234	0.27351539247557066
0.5817974229326374	0.7627743958679211	0.6722859094002792	0.354555367175416
0.33094111890393085	0.8830474082272644	0.6069942635655976	-0.2724856376260353
0.07861686511172729	0.9382032835270245	0.5084100743193759	-0.8911487445475711
0.00032621105855488503	1.0	0.5001631055292775	-0.9999994210446381
0.00032621105855488503	0.9998155321896329	0.5000708716240939	-0.9999998048220892
0.00016310552927744252	1.0	0.5000815527646387	-0.9999999832700479
1.0	0.00018446781036709093	0.5000922339051835	0.9999999999154134
1.0	0.00018446781036709093	0.5000922339051835	0.9999999791781646
0.0021203718806067527	0.997970854085962	0.5000456129832843	-0.9999812050323296
1.0	0.0	0.5	inf
0.9996737889414451	0.0009223390518354548	0.5002980639966402	0.9999977493596974
0.00016310552927744252	1.0	0.5000815527646387	-0.9999999758228305
0.004893165878323275	0.995941708171924	0.5004174370251236	-0.9999606460536734
0.002283477409884195	0.998155321896329	0.5002193996531066	-0.9999848423704532
0.4796933616049584	0.6078214351595647	0.5437573983822616	-0.48837082122102315
0.6703637253302887	0.6271905552481092	0.6487771402891989	0.21791790827663582
0.6558473332245963	0.6480354178195905	0.6519413755220934	0.19245564875890753
0.46501386396998856	0.697841726618705	0.5814277952943467	-0.17110863952885236
0.15674441363562225	0.8638627559490869	0.5103035847923546	-0.8639521103519363
0.14206491600065244	0.876222099243682	0.5091435076221672	-0.8877772304519734
0.22736910781275485	0.8258623870134661	0.5266157474131105	-0.7390485333371306
0.09084977980753547	0.9179118243866445	0.50438080209709	-0.9569884327332357
0.14320665470559452	0.8758531636229479	0.5095299091642712	-0.894135565777428
0.5132931006361116	0.6067146282973621	0.5600038644667369	0.03852570785951226
0.5615723373022345	0.6008116583656152	0.5811919978339248	0.10832531765983466
0.6447561572337303	0.6153846153846154	0.6300703863091728	0.1994419369079059
0.36193116946664494	0.7068806493266925	0.5344059093966687	-0.5366648023444394
0.004403849290490948	0.9968640472237594	0.5006339482571251	-0.9999463940092832
0.010764964932311206	0.9909610772920125	0.5008630211121619	-0.9997230439623267
0.002283477409884195	0.9983397897066962	0.5003116335582902	-0.9999895918267699
0.006361115641820258	0.9952038369304557	0.5007824762861379	-0.9998645367639362
0.0014679497634969825	0.9990776609481645	0.5002728053558307	-0.9999959788194721
0.00016310552927744252	1.0	0.5000815527646387	-0.9999997324225294
0.9993475778828902	0.0009223390518354548	0.5001349584673628	0.9999972167108455
0.998532050236503	0.002398081534772182	0.5004650658856377	0.9999861615913175
0.00032621105855488503	1.0	0.5001631055292775	-0.9999997503964265
0.16571521774588158	0.8710570005534034	0.5183861091496424	-0.8393538754653809
0.016147447398466807	0.9843202361187973	0.5002338417586321	-0.9983563718155014
0.9998368944707225	0.00036893562073418186	0.5001029150457283	0.9999986832606664
1.0	0.0	0.5	inf
0.00587179905398793	0.9952038369304557	0.5005378179922217	-0.999911334994291
0.00016310552927744252	1.0	0.5000815527646387	-0.999999764018699
1.0	0.0	0.5	inf
0.5700538248246616	0.5366168603578676	0.5533353425912646	-0.051852862562402735
1.0	0.0	0.5	inf
0.00016310552927744252	1.0	0.5000815527646387	-0.9999999975398852
0.3296362746697113	0.7542888765910348	0.5419625756303731	-0.6868695991524203
0.6002283477409884	0.6626083748385907	0.6314183612897896	-0.012236845017405962
0.6331756646550318	0.7030068253089836	0.6680912449820078	0.24596751075439083
0.6157233730223455	0.6574432761483121	0.6365833245853287	0.06941196701318297
0.17631707714891534	0.8474451208264158	0.5118810989876655	-0.9142378213377536
0.0006524221171097701	0.9994465965688988	0.5000495093430043	-0.9999995042493279
1.0	0.00018446781036709093	0.5000922339051835	0.9999997870411441
0.00016310552927744252	1.0	0.5000815527646387	-0.9999998310363303
1.0	0.0	0.5	inf
0.32180720926439405	0.7216380741560597	0.5217226417102269	-0.746094759810612
0.3050073397488175	0.8509500092233905	0.577978674486104	-0.3259860471322513
0.00391453270265862	0.9966795794133924	0.5002970560580254	-0.9999016650253256
1.0	0.0	0.5	inf
0.998532050236503	0.0018446781036709095	0.5001883641700869	0.999986476735804
0.4064589789593867	0.7775318206972883	0.5919953998283375	-0.15835882880170293
0.9998368944707225	0.00018446781036709093	0.5000106811405448	0.9999999863647377
0.00016310552927744252	1.0	0.5000815527646387	-0.9999999874020461
0.00016310552927744252	1.0	0.5000815527646387	-0.9999999674632684
0.5888109606915675	0.699686404722376	0.6442486827069718	0.13408185586347554
0.6207796444299462	0.6747832503228187	0.6477814473763824	0.2412171586477525
0.0008155276463872126	0.9992621287585316	0.5000388282024594	-0.9999969132596722
0.998858261295058	0.002213613724405091	0.5005359375097315	0.9999941451474927
0.6276300766595988	0.6690647482014388	0.6483474124305189	0.11955332147416309
0.6626977654542489	0.6325401217487548	0.6476189436015019	0.15940642159851315
0.5979448703311042	0.6297731045932484	0.6138589874621763	-0.11543348851526547
0.5844071114010765	0.5668695812580705	0.5756383463295736	-0.12478014353291256
0.9986951557657805	0.002582549345139273	0.5006388525554599	0.9999855393578276
0.3598107975860382	0.7168419110865154	0.5383263543362768	-0.21937240525443158
0.13146305659761867	0.8754842280022136	0.5034736422999161	-0.9561205888503216
1.0	0.0	0.5	inf
0.25933779155113357	0.8568529791551375	0.5580953853531355	-0.35188673870413123
0.9998368944707225	0.00036893562073418186	0.5001029150457283	0.9999997006094188
0.3469254607731202	0.8291828076000738	0.588054134186597	-0.14732002328180904
0.507910618169956	0.8044641210108836	0.6561873695904198	0.09921831320093699
0.07682270428967541	0.9275041505257332	0.5021634274077043	-0.987953418722636
0.0026096884684390803	0.997970854085962	0.5002902712772005	-0.999980799349989
0.0004893165878323275	1.0	0.5002446582939162	-0.9999996591345833
1.0	0.0	0.5	inf
0.00016310552927744252	1.0	0.5000815527646387	-0.9999999318707563
0.004893165878323275	0.9972329828444937	0.5010630743614085	-0.999819915231851
0.4258685369434024	0.6965504519461354	0.5612094944447689	0.04747398268589942
0.15119882564018922	0.9090573694890242	0.5301280975646067	-0.7497083554955009
0.44560430598597295	0.8192215458402509	0.6324129259131119	-0.19553259958654512
0.7163594845865274	0.576092971776425	0.6462262281814762	0.32459820617969215
0.7085304191812103	0.5818114738978049	0.6451709465395076	0.2925825804245128
0.6550318055782091	0.5017524441984874	0.5783921248883482	0.15295217172885223
0.6008807698580982	0.6675890057185021	0.6342348877883002	0.16642707889082797
0.6884684390800848	0.5268400664084117	0.6076542527442483	0.30313212599499195
0.668243353449682	0.5585685297915514	0.6134059416206167	0.2444160734920331
0.590115804925787	0.6474820143884892	0.618798909657138	0.1303284252849215
0.6323601370086446	0.5965688987271721	0.6144645178679083	0.13418642747102227
0.429783069646061	0.7037446965504519	0.5667638830982564	-0.24488895912090003
0.47953025607568095	0.6714628297362111	0.575496542905946	-0.10508875576151888
0.49747186429619966	0.6670356022874009	0.5822537332918003	-0.02210109661716786
0.5780459957592562	0.5777531820697288	0.5778995889144924	0.1785553459968141
0.47186429619964115	0.6851134477033758	0.5784888719515084	-0.06470358226706774
0.4800195726635133	0.7020844862571481	0.5910520294603308	-0.057021010297492736
0.5899526993965095	0.5869765725880833	0.5884646359922965	0.237577468166005
0.0017941608220518675	0.9992621287585316	0.5005281447902917	-0.9999900597910025
0.0004893165878323275	0.9998155321896329	0.5001524243887326	-0.9999980533530791
0.9995106834121676	0.0009223390518354548	0.5002165112320015	0.999996037048039
0.004403849290490948	0.9972329828444937	0.5008184160674923	-0.9999475108744151
0.45457511009623225	0.6181516325401217	0.536363371318177	-0.11746952398712796
0.4876855325395531	0.6107729201254382	0.5492292263324956	-0.05739584823940458
0.42276953188713096	0.5925106068990961	0.5076400693931136	-0.303397045147101
0.0011417387049420975	0.9996310643792659	0.500386401542104	-0.9999968599051898
0.46028380362094273	0.6615015679763881	0.5608926857986655	-0.17410653979800128
0.5863643777524058	0.5128205128205128	0.5495924452864593	0.1531971100818299
0.9965747838851737	0.005534034311012728	0.5010544090980932	0.9998637951977571
0.0008155276463872126	0.9996310643792659	0.5002232960128266	-0.9999980933950843
0.9996737889414451	0.00036893562073418186	0.5000213622810896	0.9999976769784902
0.6578045995759256	0.4395867921047777	0.5486956958403517	0.2701255152754325
0.22117109770021204	0.790997970854086	0.506084534277149	-0.8335637428294539
0.5795139455227533	0.5508208817561335	0.5651674136394433	0.07680598047703602
0.46990702984831184	0.665375391994097	0.5676412109212045	-0.12020736150549716
0.3707388680476268	0.705958310274857	0.5383485891612418	-0.30055984315465933
0.0008155276463872126	0.9992621287585316	0.5000388282024594	-0.9999943852733205
1.0	0.0	0.5	inf
0.5312347088566303	0.6258992805755396	0.578566994716085	0.004878621338566536
0.6158864785516229	0.5261021951669433	0.5709943368592831	0.14432967405486874
0.5141086282824988	0.4886552296624239	0.5013819289724614	0.226728242505986
0.9998368944707225	0.0005534034311012728	0.5001951489509119	0.999999018639095
0.7313651932800522	0.37151817007932114	0.5514416816796867	0.4481239213381871
