Acc0	Acc1	AccAver	threshold
0.7507747512640679	0.6921232244973252	0.7214489878806966	0.4592405566949933
0.8535312347088566	0.740269323003136	0.7969002788559962	-0.4674251795879497
0.7925297667590931	0.8042796532005165	0.7984047099798048	0.14878371011092173
0.7421301582123634	0.6578122117690463	0.6999711849907049	0.8718031486453675
1.0	0.0	0.5	inf
0.7302234545751101	0.39697472790997973	0.5635990912425449	0.8975545346506144
0.7992170934594682	0.7315993359158827	0.7654082146876755	0.7630100349848634
0.7675746207796444	0.26212875853163625	0.5148516896556403	0.9531775150883994
1.0	0.0	0.5	inf
0.6979285597781765	0.3783434790629035	0.53813601942054	0.8802042018216356
0.9990213668243354	0.0016602102933038186	0.5003407885588196	0.9999952912597423
0.9998368944707225	0.00036893562073418186	0.5001029150457283	0.999999934563526
0.9996737889414451	0.00036893562073418186	0.5000213622810896	0.9999997886683587
0.9996737889414451	0.0009223390518354548	0.5002980639966402	0.9999987699688884
0.9998368944707225	0.00036893562073418186	0.5001029150457283	0.9999992048316972
0.7101614744739847	0.3403431101272828	0.5252522923006337	0.9018292543397863
0.7985646713423585	0.434052757793765	0.6163087145680618	0.47606327409597937
0.8036209427499592	0.4418004058291828	0.6227106742895709	0.3880035853660446
0.789920078290654	0.4683637705220439	0.629141924406349	0.45739725373790385
0.7768716359484586	0.4469655045194614	0.61191857023396	0.6589933299823603
0.8351003099005057	0.17007932115845784	0.5025898155294818	0.959035179394955
0.00016310552927744252	1.0	0.5000815527646387	-0.9999953443458839
1.0	0.00018446781036709093	0.5000922339051835	0.9999999998127556
0.00032621105855488503	1.0	0.5001631055292775	-0.9999989372586792
0.9998368944707225	0.00036893562073418186	0.5001029150457283	0.9999996348957445
1.0	0.0	0.5	inf
0.9991844723536127	0.0014757424829367274	0.5003301074182748	0.9999970680584573
1.0	0.0	0.5	inf
1.0	0.00018446781036709093	0.5000922339051835	0.9999998935584493
0.9208938183004404	0.08393285371702638	0.5024133360087334	0.9783061382769558
1.0	0.0	0.5	inf
0.9964116783558963	0.004796163069544364	0.5006039207127203	0.9999843248757723
0.0004893165878323275	0.9996310643792659	0.5000601904835491	-0.9999855307708578
0.5997390311531561	0.5866076369673492	0.5931733340602526	0.5063596347382022
0.7471864296199641	0.4923445858697657	0.6197655077448649	0.5205598255075277
0.7643125101940956	0.6002582549345139	0.6822853825643047	-0.1834381008303535
0.7323438264557168	0.4751890795056263	0.6037664529806716	-0.26919924464122924
0.757462077964443	0.365061796716473	0.5612619373404579	-0.012059709756209513
0.7734464198336324	0.2545655783065855	0.5140059990701089	0.5038170373034028
0.9926602511825151	0.00774764803541782	0.5002039496089664	0.9998218236505596
1.0	0.00018446781036709093	0.5000922339051835	0.9999999110445197
0.990050562714076	0.012174875484228001	0.501112719099152	0.9998191763623419
1.0	0.0	0.5	inf
0.9828739194258685	0.020475926950747094	0.5016749231883079	0.9992238163860299
0.40743761213505136	0.6157535510053496	0.5115955815702005	-0.002939813677713121
0.9995106834121676	0.0005534034311012728	0.5000320434216344	0.9999995678381615
0.9993475778828902	0.0012912746725696365	0.50031942627773	0.9999970960625204
0.9993475778828902	0.0009223390518354548	0.5001349584673628	0.9999992745350919
1.0	0.0	0.5	inf
0.9998368944707225	0.0007378712414683637	0.5002873828560954	0.9999996447387203
1.0	0.0	0.5	inf
0.8018267819279074	0.4866260837483859	0.6442264328381466	0.10283636172389832
0.7938346109933127	0.49474266740453793	0.6442886391989253	0.08117591399698543
0.6969499266025119	0.44899465043349934	0.5729722885180056	0.08558553501990462
0.7765454248899037	0.40841173215273935	0.5924785785213216	0.2306828869161872
0.1043875387375632	0.9077660948164545	0.5060768167770089	-0.9579208405667263
0.9996737889414451	0.0009223390518354548	0.5002980639966402	0.999998633333498
0.006034904583265372	0.9953883047408227	0.500711604662044	-0.9998139638779971
0.9978796281193932	0.0040582918280760005	0.5009689599737346	0.9999611048145798
0.7388680476268146	0.44327614831211953	0.591072097969467	0.19068677080955276
0.838199314956777	0.35952776240546025	0.5988635386811186	0.47724045018227357
0.7639862991355407	0.4399557277255119	0.6019710134305263	0.21523205648417476
0.5870167998695156	0.6129865338498433	0.6000016668596795	-0.3177131539963649
0.6352960365356386	0.5511898173768678	0.5932429269562531	-0.11771956106069448
0.7088566302397651	0.5240730492529053	0.6164648397463353	-0.04953922393932353
0.5382482466155603	0.6330935251798561	0.5856708858977082	-0.2576086767184048
0.8333061490784538	0.5045194613539937	0.6689128052162238	0.24051962336795518
0.499429130647529	0.5831027485703745	0.5412659396089518	-0.37738053445161923
1.0	0.00018446781036709093	0.5000922339051835	0.9999999549203145
0.6467134235850596	0.48551927688618335	0.5661163502356215	-0.10674651324096507
0.00016310552927744252	1.0	0.5000815527646387	-0.999999817881684
0.00016310552927744252	1.0	0.5000815527646387	-0.999999360887843
0.00016310552927744252	1.0	0.5000815527646387	-0.9999993576807197
1.0	0.0	0.5	inf
1.0	0.0	0.5	inf
0.9995106834121676	0.0005534034311012728	0.5000320434216344	0.999999526389121
0.9996737889414451	0.00036893562073418186	0.5000213622810896	0.9999993503578826
0.9998368944707225	0.00018446781036709093	0.5000106811405448	0.9999994721110597
0.00016310552927744252	1.0	0.5000815527646387	-0.9999999664432572
0.9996737889414451	0.0009223390518354548	0.5002980639966402	0.9999992779074294
0.9995106834121676	0.0005534034311012728	0.5000320434216344	0.9999997199910635
0.6948295547219051	0.5019369120088545	0.5983832333653798	-0.03722349152164295
0.9756972761376611	0.026563364692861097	0.5011303204152611	0.9924807831321196
0.9993475778828902	0.0009223390518354548	0.5001349584673628	0.9999957379742517
0.9982058391779481	0.002398081534772182	0.5003019603563602	0.9999796052903267
0.0006524221171097701	0.9998155321896329	0.5002339771533714	-0.9999984332512165
0.00016310552927744252	1.0	0.5000815527646387	-0.9999998152337904
0.5800032621105855	0.6912008854454897	0.6356020737780377	-0.2556716673267865
0.673788941445115	0.5930640103301974	0.6334264758876562	-0.054403677069093326
0.5307453922687979	0.5799667957941339	0.5553560940314659	0.1831873099050325
0.9892350350676888	0.012174875484228001	0.5007049552759584	0.9996981178806204
0.5305822867395205	0.5447334440140196	0.5376578653767701	0.2561828445598733
0.9993475778828902	0.0011068068622025456	0.5002271923725463	0.9999982498151918
0.9959223617680639	0.004980630879911455	0.5004514963239877	0.9999483942571976
0.5198173218072093	0.5661317100166021	0.5429745159119057	0.20456710487219
0.000978633175664655	0.9992621287585316	0.5001203809670981	-0.9999903603136426
1.0	0.0	0.5	inf
0.5315609199151852	0.5755395683453237	0.5535502441302544	0.18623930046076098
0.5261784374490295	0.5321896329090574	0.5291840351790434	0.2570041907177172
0.5902789104550644	0.6983951300498064	0.6443370202524354	-0.19831084450632508
0.6341542978306964	0.4759269507470946	0.5550406242888956	0.43051087445122094
1.0	0.0	0.5	inf
0.5336812917957918	0.48810182623132264	0.5108915590135572	0.3274799411816849
0.48018267819279076	0.687511529238148	0.5838471037154693	-0.1141303261683162
0.6379057250040776	0.6360450101457296	0.6369753675749036	0.07241309503343252
0.6617191322785843	0.5303449548053865	0.5960320435419854	-0.042515325215595645
0.703311042244332	0.6504334993543627	0.6768722707993473	-0.04443041202818221
0.7502854346762355	0.5561704482567792	0.6532279414665074	0.07673045974862824
0.703637253302887	0.6288507655414131	0.66624400942215	-0.03612263757169454
0.6364377752405806	0.6009961261759823	0.6187169507082815	0.11116809708407649
0.6537269613439896	0.6517247740269323	0.6527258676854609	-0.20566310408980626
0.6700375142717339	0.5356945213060321	0.6028660177888829	0.3769855790306287
0.9828739194258685	0.019000184467810367	0.5009370519468395	0.999361676835556
0.6287718153645409	0.4975096845600443	0.5631407499622926	0.4530057710900184
0.646876529114337	0.3988194060136506	0.5228479675639939	0.639245707029308
1.0	0.0	0.5	inf
0.5899526993965095	0.543626637151817	0.5667896682741633	0.4144633263362081
0.9993475778828902	0.0012912746725696365	0.50031942627773	0.9999947331078114
0.0030990050562714074	0.9977863862755949	0.5004426956659331	-0.9999722440956997
0.686674278258033	0.5307138904261206	0.6086940843420767	-0.13807679969993225
0.6636763986299136	0.4884707618520568	0.5760735802409852	-0.16358230182865297
0.9998368944707225	0.00036893562073418186	0.5001029150457283	0.9999972660524854
1.0	0.0	0.5	inf
0.9998368944707225	0.00036893562073418186	0.5001029150457283	0.9999998399168359
0.00326211058554885	0.9988931931377975	0.5010776518616732	-0.9999805641003346
0.36470396346436146	0.638812027301236	0.5017579953827987	-0.7014352950038103
0.0004893165878323275	0.9998155321896329	0.5001524243887326	-0.9999999304059546
0.9996737889414451	0.0011068068622025456	0.5003902979018238	0.9999986118716919
0.0004893165878323275	0.9998155321896329	0.5001524243887326	-0.9999934696943488
0.6581308106344805	0.6157535510053496	0.636942180819915	0.06187775377585614
0.6649812428641331	0.5515587529976019	0.6082699979308674	-0.07366453734828815
1.0	0.00036893562073418186	0.5001844678103671	0.9999989148464146
0.00326211058554885	0.9988931931377975	0.5010776518616732	-0.9999798309846182
0.6809655847333225	0.5748016971038554	0.627883640918589	0.06753264782237234
0.6811286902625999	0.5211215642870319	0.6011251272748159	0.03565732783569575
0.5620616538900669	0.6301420402139827	0.5961018470520247	0.05988421089275642
0.10569238297178274	0.9133001291274673	0.509496256049625	-0.8853670558878478
0.9998368944707225	0.00018446781036709093	0.5000106811405448	0.9999996869948167
0.4860544772467787	0.6375207526286663	0.5617876149377224	0.03266514991872116
0.9982058391779481	0.0018446781036709095	0.5000252586408095	0.9999829901791288
0.00016310552927744252	1.0	0.5000815527646387	-0.9999999059240626
0.9995106834121676	0.0011068068622025456	0.500308745137185	0.9999952842097393
0.9998368944707225	0.00036893562073418186	0.5001029150457283	0.9999997800612792
0.6848801174359811	0.5288692123224498	0.6068746648792154	0.09970414300324038
0.6062632523242538	0.45471315255487915	0.5304882024395665	-0.17985726512772415
0.6429619964116784	0.6271905552481092	0.6350762758298938	-0.048326295876193304
0.6599249714565324	0.5867921047777163	0.6233585381171243	-0.07114840780468379
0.6537269613439896	0.5919572034679949	0.6228420824059921	0.12575207267887567
0.224106997227206	0.8061243313041874	0.5151156642656967	-0.5126616037509902
0.3927581145000816	0.718133185759085	0.5554456501295832	-0.17653361837122006
