Acc0	Acc1	AccAver	threshold
0.8735408560311284	0.1646090534979424	0.5190749547645354	0.8329591793442981
0.9630350194552529	0.06378600823045268	0.5134105138428529	0.7350210229451903
0.6400778210116731	0.38065843621399176	0.5103681286128324	0.0250772761011564
0.6673151750972762	0.37448559670781895	0.5209003859025476	-0.0030573545540000246
0.6517509727626459	0.3868312757201646	0.5192911242414053	-0.037898735715530374
0.6439688715953308	0.39711934156378603	0.5205441065795584	-0.07264462404323568
0.8501945525291829	0.18518518518518517	0.517689868857184	-0.49985541608653483
0.7665369649805448	0.257201646090535	0.5118693055355399	-0.5505017511934038
1.0	0.0	0.5	inf
1.0	0.0	0.5	inf
1.0	0.00205761316872428	0.5010288065843621	0.3130711666158821
1.0	0.00411522633744856	0.5020576131687243	0.2552066163226234
0.7801556420233463	0.3230452674897119	0.5516004547565291	0.06697012686379433
0.7782101167315175	0.3374485596707819	0.5578293382011497	0.06571588069544809
0.8190661478599222	0.2962962962962963	0.5576812220781092	0.08483242076418196
0.8132295719844358	0.30864197530864196	0.5609357736465389	0.05221104688093736
0.7704280155642024	0.345679012345679	0.5580535139549407	0.051097951429989186
0.7704280155642024	0.345679012345679	0.5580535139549407	0.051126497565979534
0.8696498054474708	0.2716049382716049	0.5706273718595378	-0.479077823086
0.7568093385214008	0.32510288065843623	0.5409561095899185	-0.3182393963083522
0.7120622568093385	0.3786008230452675	0.545331539927303	-0.30460603198743064
0.7568093385214008	0.3333333333333333	0.545071335927367	-0.6451996068568282
0.9494163424124513	0.21810699588477367	0.5837616691486125	-0.6644411887825381
0.9455252918287937	0.2366255144032922	0.591075403116043	-0.6701815552510515
0.9182879377431906	0.26337448559670784	0.5908312116699492	-0.6777581217322157
0.9241245136186771	0.24279835390946503	0.5834614337640711	-0.6610794097500903
0.8949416342412452	0.28189300411522633	0.5884173191782358	-0.6738044185413687
0.9299610894941635	0.20781893004115226	0.5688900097676579	-0.6544516594120682
0.6206225680933852	0.5164609053497943	0.5685417367215897	-0.7259894711691335
0.4377431906614786	0.6358024691358025	0.5367728298986405	-0.711560690568863
0.42996108949416345	0.668724279835391	0.5493426846647772	-0.704225365861243
0.9902723735408561	0.04526748971193416	0.5177699316263951	-0.15718073739117266
0.8521400778210116	0.21604938271604937	0.5340947302685305	-0.3684366396247054
0.8482490272373541	0.2222222222222222	0.5352356247297881	-0.3729505178772988
0.12840466926070038	0.9362139917695473	0.5323093305151239	-0.8078169479085733
0.9669260700389105	0.07818930041152264	0.5225576852252166	0.17654944190515676
0.06614785992217899	0.9897119341563786	0.5279298970392788	-0.8482858025566393
0.06420233463035019	0.9897119341563786	0.5269571343933643	-0.8496431969400198
0.06614785992217899	0.9753086419753086	0.5207282509487439	-0.7121463694091825
0.17509727626459143	0.8806584362139918	0.5278778562392916	-0.6097532700277557
0.19066147859922178	0.8703703703703703	0.5305159244847961	-0.6082067254166668
0.1867704280155642	0.8765432098765432	0.5316568189460538	-0.6125791678144953
0.18093385214007782	0.8827160493827161	0.5318249507613969	-0.6194349321654262
0.8715953307392996	0.18724279835390947	0.5294190645466046	0.16967457761837235
0.26848249027237353	0.7921810699588477	0.5303317801156107	-0.7793797766054028
0.9669260700389105	0.102880658436214	0.5349033642375622	-0.2069837634730689
0.9669260700389105	0.102880658436214	0.5349033642375622	-0.2054179479435294
0.9610894941634242	0.10699588477366255	0.5340426894685434	-0.20652238002655643
0.9727626459143969	0.09670781893004116	0.534735232422219	-0.09809143461468595
0.9902723735408561	0.04938271604938271	0.5198275447951194	-0.6637361756460998
0.943579766536965	0.11728395061728394	0.5304318585771245	-0.7123292298845587
0.867704280155642	0.17901234567901234	0.5233583129173272	-0.6915564037116244
0.9844357976653697	0.12345679012345678	0.5539462938944133	-0.4705964726347287
0.9669260700389105	0.1440329218106996	0.5554794959248051	-0.4587831783633156
0.9708171206225681	0.13786008230452676	0.5543386014635474	-0.44148567482021595
0.9708171206225681	0.1111111111111111	0.5409641158668396	-0.426705752834016
0.9727626459143969	0.14609053497942387	0.5594265904469103	-0.3646190973094242
0.9708171206225681	0.15020576131687244	0.5605114409697203	-0.3756742814106747
0.9649805447470817	0.13991769547325103	0.5524491201101663	-0.6157609346786637
0.9922178988326849	0.1111111111111111	0.551664504971898	-0.49289117245813296
0.9552529182879378	0.12551440329218108	0.5403836607900594	-0.5296924092495567
0.9357976653696498	0.1419753086419753	0.5388864870058125	-0.5704414604012022
0.9824902723735408	0.10082304526748971	0.5416566588205153	-0.4565547440168215
0.9416342412451362	0.1440329218106996	0.5428335815279179	-0.5598871824287606
0.9416342412451362	0.1440329218106996	0.5428335815279179	-0.5638171910048057
0.9747081712062257	0.11522633744855967	0.5449672543273927	-0.5134111076546037
0.9727626459143969	0.11522633744855967	0.5439944916814783	-0.5162588710576803
0.9747081712062257	0.1111111111111111	0.5429096411586684	-0.4806470077527023
0.1575875486381323	0.9135802469135802	0.5355838977758562	-0.9264583868549862
0.1245136186770428	0.9320987654320988	0.5283061920545709	-0.928218737249804
0.7295719844357976	0.3374485596707819	0.5335102720532898	-0.7115050305614374
0.6108949416342413	0.5	0.5554474708171206	-0.7596767486064154
0.791828793774319	0.3271604938271605	0.5594946438007398	-0.6889728762963224
0.8015564202334631	0.31069958847736623	0.5561280043554147	-0.6693152663989748
0.8988326848249028	0.22839506172839505	0.5636138732766489	-0.5532890362128571
0.6089494163424124	0.5288065843621399	0.5688780003522762	-0.7478054052824668
0.7159533073929961	0.4732510288065844	0.5946021680997903	-0.6884824607329747
0.7198443579766537	0.4711934156378601	0.595518886807257	-0.6877397341343372
0.7237354085603113	0.44650205761316875	0.58511873308674	-0.6864809390188085
0.16342412451361868	0.9032921810699589	0.5333581527917888	-0.9534279227598228
0.5350194552529183	0.6522633744855967	0.5936414148692575	-0.8784393460847105
0.5700389105058365	0.602880658436214	0.5864597844710253	-0.8241129906533067
0.4260700389105058	0.7037037037037037	0.5648868713071048	-0.8439202003753594
0.6828793774319066	0.448559670781893	0.5657195241068999	-0.7631485929442264
0.5583657587548638	0.6419753086419753	0.6001705336984196	-0.8064270660808766
0.5505836575875487	0.6666666666666666	0.6086251621271077	-0.810955704085244
0.5019455252918288	0.7551440329218106	0.6285447791068197	-0.8170393745211233
0.5817120622568094	0.7016460905349794	0.6416790763958944	-0.7897476921683703
0.585603112840467	0.5740740740740741	0.5798385934572705	-0.8755419526936139
0.7684824902723736	0.37448559670781895	0.5714840434900963	-0.8315771149764962
0.7607003891050583	0.37448559670781895	0.5675929929064386	-0.8329460726724212
0.7898832684824902	0.36213991769547327	0.5760115930889818	-0.8171242747287041
0.791828793774319	0.38271604938271603	0.5872724215785176	-0.8033556345189179
0.8268482490272373	0.3395061728395062	0.5831772109333717	-0.7904306572095434
0.42996108949416345	0.6502057613168725	0.540083425405518	-0.9321084763658065
0.4883268482490272	0.5987654320987654	0.5435461401738964	-0.9175303584360764
0.377431906614786	0.7304526748971193	0.5539422907559526	-0.934434958394782
0.3852140077821012	0.7592592592592593	0.5722366335206802	-0.9200553869036083
0.3326848249027237	0.7983539094650206	0.5655193671838722	-0.932623192360357
0.3968871595330739	0.742798353909465	0.5698427567212695	-0.9090945411345545
0.42412451361867703	0.7222222222222222	0.5731733679204496	-0.9027230703493142
0.41050583657587547	0.8189300411522634	0.6147179388640694	-0.9096341006250547
0.38715953307393	0.8395061728395061	0.613332852956718	-0.9182475421332829
0.5583657587548638	0.6234567901234568	0.5909112744391603	-0.923782317609369
0.5992217898832685	0.5164609053497943	0.5578413476165314	-0.8862090353846438
0.5233463035019456	0.5576131687242798	0.5404797361131126	-0.883997515141271
0.17898832684824903	0.8395061728395061	0.5092472498438776	-0.9280468983180009
0.0038910505836575876	0.9979423868312757	0.5009167187074667	-0.9984430601504857
0.9961089494163424	0.012345679012345678	0.5042273142143441	-0.5415552097225007
0.9260700389105059	0.102880658436214	0.51447534867336	-0.6968404384720965
0.9221789883268483	0.10493827160493827	0.5135586299658933	-0.6977810959483242
0.9883268482490273	0.04526748971193416	0.5167971689804807	-0.5653093738073997
0.9883268482490273	0.04526748971193416	0.5167971689804807	-0.5640682302193927
0.27626459143968873	0.7448559670781894	0.510560279258939	-0.8230492656880162
0.17120622568093385	0.8559670781893004	0.5135866519351171	-0.8591647321917656
0.0019455252918287938	1.0	0.5009727626459144	-0.9971886815178884
0.0019455252918287938	1.0	0.5009727626459144	-0.9969269003497743
0.0019455252918287938	1.0	0.5009727626459144	-0.9971227105740107
0.6770428015564203	0.4218106995884774	0.5494267505724488	-0.7691465756897518
0.6828793774319066	0.411522633744856	0.5472010055883814	-0.767285389388892
0.6964980544747081	0.4053497942386831	0.5509239243566957	-0.7604839582523569
0.933852140077821	0.16872427983539096	0.551288209956606	-0.7424221180485919
0.9416342412451362	0.1646090534979424	0.5531216473715392	-0.7393132033313157
0.9396887159533074	0.14814814814814814	0.5439184320507278	-0.7260890738090762
0.933852140077821	0.15843621399176955	0.5461441770347952	-0.7259909897562715
0.9124513618677043	0.1748971193415638	0.543674240604634	-0.7358064576597392
0.8035019455252919	0.3168724279835391	0.5601871867544155	-0.7858694819964827
0.7821011673151751	0.35390946502057613	0.5680053161678756	-0.7975828974350642
0.7859922178988327	0.3497942386831276	0.5678932282909801	-0.7957228685185066
0.7704280155642024	0.3683127572016461	0.5693703863829243	-0.8060210967514153
0.9221789883268483	0.15843621399176955	0.5403076011593089	-0.6762621329870264
0.8813229571984436	0.20781893004115226	0.5445709436197979	-0.7157084526839536
0.9007782101167315	0.1934156378600823	0.5470969239884069	-0.6938335671644537
0.9085603112840467	0.18930041152263374	0.5489303614033402	-0.6953710659182676
0.9085603112840467	0.19958847736625515	0.5540743943251509	-0.6911182361139566
0.9085603112840467	0.19958847736625515	0.5540743943251509	-0.6911928602206172
0.9163424124513618	0.16872427983539096	0.5425333461433763	-0.5597260374665063
0.9630350194552529	0.06790123456790123	0.5154681270115771	-0.31848737029415075
0.9357976653696498	0.09465020576131687	0.5152239355654833	-0.3632898568539712
0.9610894941634242	0.0720164609053498	0.516552977534387	-0.2832917021835679
0.7431906614785992	0.3045267489711934	0.5238587052248963	-0.7549583064558074
0.8054474708171206	0.32098765432098764	0.5632175625690541	-0.7579592262499033
0.8735408560311284	0.25102880658436216	0.5622848313077453	-0.7247250759850149
0.8871595330739299	0.22633744855967078	0.5567484908168003	-0.7200534847182113
0.8657587548638133	0.2345679012345679	0.5501633280491905	-0.7275907938169482
0.8093385214007782	0.3497942386831276	0.5795663800419529	-0.7444328873917387
0.8093385214007782	0.345679012345679	0.5775087668732286	-0.7425913194825868
0.8190661478599222	0.3230452674897119	0.5710557076748171	-0.7358275436807588
0.8443579766536965	0.3168724279835391	0.5806152023186177	-0.7278563967179097
0.8540856031128404	0.31275720164609055	0.5834214023794655	-0.7257462784130481
