1	0.6927592503049159
2	0.6924634154135662
3	0.6883505821255939
4	0.6787950594592908
5	0.6671932478763245
6	0.6562567759767798
7	0.6459535599505275
8	0.6323756035911559
9	0.6177077597454317
10	0.6074462971841276
11	0.5823489149273
12	0.5663358445936539
13	0.553841207910001
14	0.543544556018418
15	0.5340461128602232
16	0.5230044809772442
17	0.5150292103137485
18	0.5066087830133243
19	0.5017164301246293
20	0.49929650361744504
21	0.49598809192308696
22	0.4938118070659086
23	0.49234647373729856
24	0.4899103422365201
25	0.48641236396361537
26	0.4759154225376541
27	0.468057092936338
28	0.46056315504701595
29	0.45438693784272977
30	0.4459680042842273
31	0.4355551402805053
32	0.42754426893380837
33	0.4147596858894969
34	0.406168781728317
35	0.3992372513306685
36	0.3943750367839438
37	0.39059514171483306
38	0.3873555091344473
39	0.38288422656230925
40	0.37883103844489235
41	0.3755093966754873
42	0.3730100150609756
43	0.37088246355476223
44	0.3683953685083426
45	0.3665444255602318
46	0.36493307262226143
47	0.3636596696216516
48	0.36222118808010906
49	0.35935912172181117
50	0.34657468457015167
51	0.3248473014693142
52	0.31572694785809285
53	0.3046752356725091
54	0.2981676445146826
55	0.2917065872633674
56	0.2866377100793592
57	0.2818313690029648
58	0.27770839984873247
59	0.2739894780729396
60	0.2706926405045549
61	0.2668629218611727
62	0.2634687984800528
63	0.2611613924532137
64	0.25842530710929823
65	0.2565247943731653
66	0.2549085706409386
67	0.251880828966323
68	0.24946824858586672
69	0.2469423463008596
70	0.2448534408191291
71	0.24277365296408615
72	0.24103281975341503
73	0.2391344781397029
74	0.23769670900105472
75	0.2359738442022242
76	0.23465048240842115
77	0.2332537735984543
78	0.23208799239103148
79	0.23103269096783002
80	0.22999219564486248
81	0.22888767601757024
82	0.2279382793565021
83	0.22693820743742646
84	0.22614936609890196
85	0.22519405600950865
86	0.2244520266296206
87	0.22371025994656898
88	0.22300930119523082
89	0.22242235318578285
90	0.22167278493356946
91	0.22104739215117827
92	0.22044755377087563
93	0.21982901427077722
94	0.21927360249978972
95	0.21877682043942975
96	0.21827871550308953
97	0.21787438624516128
98	0.21743011024830758
99	0.21705001189765777
100	0.2166327112427107
101	0.21621252886984818
102	0.21584586327972083
103	0.2155119390509049
104	0.21516358423850063
105	0.21461205840597375
106	0.21410683509117098
107	0.213668020134216
108	0.21331754496320784
109	0.21303091635575197
110	0.21262273730933617
111	0.2122968337611366
112	0.21201516344149696
113	0.2117896323311254
114	0.21150858179170645
115	0.2112577330153066
116	0.21103061724031738
117	0.21080274899439108
118	0.2105578821991213
119	0.21035566455697224
120	0.21008669556897672
121	0.2098457870028117
122	0.20961809718566593
123	0.20942136521288007
124	0.20925285966431245
125	0.2090511461646425
126	0.20888219091302201
127	0.20870548350090873
128	0.2085168482196212
129	0.20833801466439097
130	0.2081785776385299
131	0.20801991989462662
132	0.20784639105017289
133	0.20768384135391602
134	0.20753071489369532
135	0.2074056815798933
136	0.2072831919594954
137	0.20716362427686022
138	0.20703959981214876
139	0.20690611062992345
140	0.20678063601572003
141	0.2066728146501518
142	0.20657195595524272
143	0.20643004515554095
144	0.20631649743540542
145	0.20620878153152233
146	0.20611659603502558
147	0.20599037232947062
148	0.20589728323435325
149	0.20578443796257295
150	0.20569230320278883
151	0.20559086093333587
152	0.2054968510694341
153	0.20540511134533432
154	0.20532683750686118
155	0.20524403543916625
156	0.20514828697945423
157	0.20506907925639054
158	0.20498128440112706
159	0.20490167152735478
160	0.20482190681294316
161	0.20474463773090118
162	0.2046765369900934
163	0.2045996796833087
164	0.20451077669519946
165	0.20443966672715966
166	0.2043736381976992
167	0.20430296995615363
168	0.2042366922534316
169	0.20415575650234216
170	0.20407438762033198
171	0.2040080993068496
172	0.2039382664508081
173	0.20387131329248656
174	0.20379375713554793
175	0.20372116763229872
176	0.2036530899622165
177	0.20358890471186067
178	0.20352257207064123
179	0.203467206254446
180	0.20339942023428853
181	0.20334517965775656
182	0.2032817349175602
183	0.20321198268182553
184	0.20314724771872306
185	0.2030913868870503
186	0.20303106368500642
187	0.20297406600457374
188	0.202909923900148
189	0.2028510757603692
190	0.20279171315154337
191	0.20273270893384615
192	0.20267952673000797
193	0.20260823490622754
194	0.2025352050134801
195	0.20248035244065593
196	0.20242236295127214
197	0.20237213265387244
198	0.2023175737241473
199	0.20226474455995969
200	0.20220918803801152
201	0.20214736385038937
202	0.20209738821615694
203	0.20204576242269714
204	0.2019937708078076
205	0.20193219213919972
206	0.20187924156794243
207	0.20182792886306578
208	0.20177808056921356
209	0.201730993490987
210	0.20169295677552707
211	0.20163162183703207
212	0.20157475606307568
213	0.20151153892145482
214	0.20145198637145575
215	0.20140393283602948
216	0.20133979351949952
217	0.20127441074096766
218	0.20122947743126066
219	0.20118499638055004
220	0.20112684235273623
221	0.20108069409049276
222	0.20102996884832502
223	0.200994108175224
224	0.20094528437098666
225	0.20088988620494938
226	0.20083926282576334
227	0.20079550871450166
228	0.20074813223529675
229	0.20070496911112312
230	0.2006476130390363
231	0.20060462907025062
232	0.20056424416141624
233	0.20052580576710796
234	0.20048211732699556
235	0.20043020300495373
236	0.200389922827328
237	0.20034682698553696
238	0.20031341129001692
239	0.20027162663100812
240	0.2002367561846675
241	0.20020197415821364
242	0.20017016615095717
243	0.20013362685514102
244	0.20009923987939032
245	0.2000665256861411
246	0.2000225143462513
247	0.19997781630877415
248	0.19993655908375121
249	0.1998908834593708
250	0.19984972745561003
251	0.19981735668979791
252	0.19976821509478185
253	0.1997270032451143
254	0.1996686905650676
255	0.19962921492658406
256	0.19959536329047933
257	0.19955722842763743
258	0.19951780119977294
259	0.19948033227149586
260	0.1994410339363399
261	0.19939647570857114
262	0.1993421974408198
263	0.1993005706756456
264	0.19925911426061543
265	0.1992218660724641
266	0.1991808037018396
267	0.1991345627378966
268	0.19909706530647783
269	0.1990633924063891
270	0.19903299482013473
271	0.19898975689240248
272	0.1989563031868186
273	0.19892416312669217
274	0.19888909109434552
275	0.1988626806253184
276	0.1988269695538011
277	0.19879352413346862
278	0.19875787367557532
279	0.1987253651454696
280	0.19869840331358055
281	0.19867002157445657
282	0.1986221030678913
283	0.19858378194414697
284	0.19854183378070323
285	0.19850436293026325
286	0.19846573955505412
287	0.19843166116967306
288	0.19838822630180822
289	0.19835288630897677
290	0.19831515570192676
291	0.1982821755388631
292	0.19824033343503766
293	0.19820703366042325
294	0.19817234223892957
295	0.19814064881187296
296	0.19809586228528742
297	0.19806374605244623
298	0.1980310146921017
299	0.1979995369747049
300	0.19795150902115047
301	0.197916667358136
302	0.19787110641317673
303	0.19782398162513426
304	0.19777414494068257
305	0.1977368913879775
306	0.1977069565777464
307	0.19767175672106413
308	0.19764344568339
309	0.19761099449072828
310	0.1975649542139696
311	0.197531865508122
312	0.19748278929228372
313	0.1974458649469409
314	0.19740279420094944
315	0.19736517523263322
316	0.19733021432736644
317	0.19729543570632171
318	0.19726415360394664
319	0.19723459792113118
320	0.1972049073387142
321	0.19717633245527813
322	0.19712800751031212
323	0.19709842166300076
324	0.1970689678649142
325	0.1970459520963161
326	0.19701955520285389
327	0.19699696960462248
328	0.19697127964577638
329	0.19694444316168067
330	0.19692264412123484
331	0.19689618436008754
332	0.19686495168391424
333	0.1968387872322502
334	0.19681766026785805
335	0.19678153581247398
336	0.19673780469514876
337	0.19670048876908386
338	0.19665689623562344
339	0.19662329232091105
340	0.1965873054741597
341	0.1965486206089145
342	0.19651155774913687
343	0.19647336025199605
344	0.19643534793470518
345	0.1963996254492968
346	0.19636182878149244
347	0.19632502472568167
348	0.19629496321973386
349	0.1962576576671414
350	0.19622624672432176
351	0.19619585820935115
352	0.1961541742798623
353	0.19612285573133062
354	0.19608275320659657
355	0.19604689740779552
356	0.1960134798929476
357	0.19598752292973848
358	0.19596330075575644
359	0.19592456385991625
360	0.1958995057069172
361	0.19586124272367653
362	0.19583520092262102
363	0.19579739575251773
364	0.1957720296110659
365	0.19574748645923956
366	0.19572230699506457
367	0.1956938274846683
368	0.19566604497510223
369	0.19564654998370049
370	0.19562244723541025
371	0.19559356247696638
372	0.19556352043255618
373	0.19554246927698068
374	0.19550432980548008
375	0.1954759147825713
376	0.195453305800488
377	0.19542514553912646
378	0.1954019219909407
379	0.19537540707529635
380	0.19535100443543688
381	0.195322593617251
382	0.19529946896414613
383	0.19527574226835734
384	0.19525135201442242
385	0.19522582866268612
386	0.19520280677547486
387	0.19518185951903747
388	0.19515748148582465
389	0.19513484325194613
390	0.19511192851978604
391	0.195091908919648
392	0.19507228608529312
393	0.19505024761557832
394	0.19503268526701503
395	0.19501332422038084
396	0.1949921187316186
397	0.19497543844952997
398	0.19495447139874417
399	0.1949394515075908
400	0.19491816503733764
401	0.1949028175695289
402	0.1948880268506696
403	0.19486765632352956
404	0.19485249499295065
405	0.19483499953966177
406	0.19482014750059407
407	0.19480192902903917
408	0.19478507481519122
409	0.19476830884613133
410	0.19475119859008125
411	0.1947376151427493
412	0.19472621675830898
413	0.194693637771581
414	0.19467635100364158
415	0.19465521140575856
416	0.19463477196811618
417	0.1946223409693698
418	0.19460080719702805
419	0.19458060044413328
420	0.19455803134214655
421	0.19454127338668198
422	0.19451988778740015
423	0.19449978507321514
424	0.19448003404745776
425	0.1944634714896212
426	0.1944447840301462
427	0.19442478619075237
428	0.19440780472007033
429	0.19439642369140347
430	0.19436786438327483
431	0.19434782070619527
432	0.19431955149342608
433	0.19429663675879716
434	0.19426508512916346
435	0.19424016822790374
436	0.1942173053834682
437	0.19419330269807017
438	0.19417311996719677
439	0.19414973394414375
440	0.19412011589258282
441	0.19409025991990864
442	0.19406581961900002
443	0.19404632992046214
444	0.19402804288224382
445	0.19400398214514222
446	0.19398814502479975
447	0.19397228349974374
448	0.193955947413772
449	0.19394014675863852
450	0.19392199145981887
451	0.19390323447893423
452	0.19388389273409973
453	0.19385600592080465
454	0.19383868365412935
455	0.19381794405782996
456	0.19380300280781976
457	0.19378381010760815
458	0.19376150898315325
459	0.19374566413579342
460	0.19372806127866274
461	0.19370439751538177
462	0.19368760873085863
463	0.19366951703968852
464	0.19364865916798696
465	0.19362893305542508
466	0.19361335162903343
467	0.19359999245764292
468	0.19358105609257886
469	0.19356672828026592
470	0.1935444145260555
471	0.19352578340108914
472	0.1935120891029185
473	0.19349766053475317
474	0.1934816310813569
475	0.1934687152869013
476	0.19345474766221168
477	0.19344137281473672
478	0.19343005560622076
479	0.19341601179255571
480	0.19340365055815223
481	0.19338903583330572
482	0.19337177751886234
483	0.19335329286709385
484	0.19334193977017336
485	0.19332444802702384
486	0.19330573816711477
487	0.19329039382536972
488	0.19327589333851056
489	0.19326470674480306
490	0.19325142624880862
491	0.19323992526231615
492	0.19322397433245653
493	0.19321393609892074
494	0.1932047587955837
495	0.19319601387020782
496	0.193179280460183
497	0.1931684699518054
498	0.1931542337755538
499	0.1931411887379052
500	0.19312687318105506
501	0.19311628823937935
502	0.19310385608900624
503	0.1930899992012577
504	0.19307767348784888
505	0.19306696897027728
506	0.19305764697753958
507	0.19304586003284777
508	0.19303256438166477
509	0.19302091145559847
510	0.19301111027038184
511	0.19299710233073575
512	0.1929863471905074
513	0.19297585796430627
514	0.1929648410341615
515	0.19295522287262054
516	0.1929458936352864
517	0.1929302620493736
518	0.19292035981178526
519	0.19290467477181306
520	0.1928939379100961
521	0.19288222123358642
522	0.1928711946251711
523	0.19285635533231085
524	0.1928475336022601
525	0.1928396254212373
526	0.19283133735055
527	0.19281794867758237
528	0.1928084085097816
529	0.19279348092116635
530	0.19278210180136585
531	0.19276944507585578
532	0.19275943115024752
533	0.19274682072648283
534	0.19273843358991496
535	0.19273103847699374
536	0.19272321724346989
537	0.19271569863333263
538	0.192707370079622
539	0.19269997484294263
540	0.19269064847759262
541	0.19266751255521983
542	0.1926522373524996
543	0.19263502679858774
544	0.19261949354558805
545	0.19260238089359943
546	0.19258719431536647
547	0.19257272022359848
548	0.19256321398124154
549	0.19255616114719623
550	0.19254732365098057
551	0.19254042992819523
552	0.19253188144802716
553	0.19252538112645737
554	0.1925161346910946
555	0.19250162086270228
556	0.19248729684261232
557	0.1924799595219971
558	0.19247282335827118
559	0.19246558548623052
560	0.19245889814390105
561	0.19245159089200758
562	0.19244552327333433
563	0.1924386752491839
564	0.1924322811154014
565	0.19242538721177202
566	0.19241924036381752
567	0.19241245448366973
568	0.19240684108116177
569	0.19239829226179564
570	0.19238623256123039
571	0.19237726226412752
572	0.19236381534264177
573	0.1923562835196797
574	0.19234973155238777
575	0.1923426129938328
576	0.1923349206104316
577	0.19232709692677355
578	0.19232140363519606
579	0.1923151604545024
580	0.19230893471129581
581	0.19230255480354896
582	0.19229680559354517
583	0.19229051237738695
584	0.1922851641454284
585	0.19227359588398296
586	0.19226347012293515
587	0.19225787002166067
588	0.19225012965458704
589	0.19224375508622518
