Rxx_x	111111	111111	111111	111111	-0.508	16
111111	Rxx_x	111111	111111	111111	-0.16600000000000004	4
111111	Rxx_x	111111	111111	111111	0.3600000000000001	8
111111	Rxx_x	111111	111111	111111	-0.376	4
111111	Rxx_x	111111	111111	111111	0.3400000000000001	8
111111	Rxx_x	111111	111111	111111	-0.278	4
111111	Rxx_x	111111	111111	111111	0.244	10
111111	Rxx_x	111111	111111	111111	-0.262	6
Rxx_x	111111	111111	111111	111111	0.1180000000000001	5
111111	Rxx_x	111111	111111	111111	0.266	9
111111	Rxx_x	111111	111111	111111	-0.32399999999999995	5
111111	Rxx_x	111111	111111	111111	0.28400000000000003	9
111111	Rxx_x	111111	111111	111111	-0.21599999999999997	5
111111	Rxx_x	111111	111111	111111	0.22199999999999998	11
111111	Rxx_x	111111	111111	111111	-0.19799999999999995	7
Rxx_x	111111	111111	111111	111111	0.1180000000000001	15
111111	Rxx_x	111111	111111	111111	0.19599999999999995	10
111111	Rxx_x	111111	111111	111111	-0.19799999999999995	6
111111	Rxx_x	111111	111111	111111	0.15599999999999992	8
111111	Rxx_x	111111	111111	111111	-0.10399999999999998	7
111111	Rxx_x	111111	111111	111111	0.1260000000000001	11
111111	Rxx_x	111111	111111	111111	-0.09799999999999998	7
Rxx_x	111111	111111	111111	111111	0.040000000000000036	14
111111	111111	Rxx_x	111111	111111	-0.246	4
111111	111111	Rxx_x	111111	111111	0.39600000000000013	12
111111	111111	Ryy_x	111111	111111	0.3560000000000001	8
111111	111111	Rxx_x	111111	111111	0.28	12
111111	111111	Rxx_x	111111	111111	-0.22199999999999998	8
111111	111111	Rxx_x	111111	111111	0.19199999999999995	14
111111	111111	Rxx_x	111111	111111	-0.21399999999999997	6
Rxx_x	111111	111111	111111	111111	0.07000000000000006	16
111111	111111	Rxx_x	111111	111111	0.22999999999999998	14
111111	111111	Rxx_x	111111	111111	-0.258	10
111111	111111	Rxx_x	111111	111111	0.21399999999999997	14
111111	111111	Rxx_x	111111	111111	-0.18599999999999994	6
111111	111111	Rxx_x	111111	111111	0.15000000000000013	14
111111	111111	Rxx_x	111111	111111	-0.128	10
111111	111111	Rxx_x	111111	111111	0.14400000000000013	15
111111	111111	Rxx_x	111111	111111	-0.14600000000000002	7
Rxx_x	111111	111111	111111	111111	0.04600000000000004	16
111111	111111	Rxx_x	111111	111111	0.14000000000000012	12
111111	111111	Rxx_x	111111	111111	-0.11199999999999999	8
111111	111111	Ryy_x	111111	111111	-0.09199999999999997	13
111111	111111	Rxx_x	111111	111111	-0.10399999999999998	9
111111	111111	Rxx_x	111111	111111	0.08400000000000007	13
111111	111111	Rxx_x	111111	111111	-0.08199999999999996	5
111111	111111	Rxx_x	111111	111111	0.07000000000000006	13
111111	111111	111111	Rxx_x	111111	-0.19199999999999995	15
Rxx_x	111111	111111	111111	111111	0.508	8
Rxx_x	111111	111111	111111	111111	-0.268	0
Ryy_x	111111	111111	111111	111111	-0.32999999999999996	6
Rxx_x	111111	111111	111111	111111	-0.18199999999999994	2
Rxx_x	111111	111111	111111	111111	0.19999999999999996	15
Rxx_x	111111	111111	111111	111111	-0.14400000000000002	3
Rxx_x	111111	111111	111111	111111	0.14600000000000013	9
Rxx_x	111111	111111	111111	111111	-0.132	1
Rxx_x	111111	111111	111111	111111	0.12200000000000011	7
Rxx_x	111111	111111	111111	111111	-0.11199999999999999	3
Rxx_x	111111	111111	111111	111111	0.1160000000000001	11
Rxx_x	111111	111111	111111	111111	-0.10399999999999998	2
Rxx_x	111111	111111	111111	111111	0.1080000000000001	10
Rxx_x	111111	111111	111111	111111	-0.09999999999999998	3
Rxx_x	111111	111111	111111	111111	0.08400000000000007	9
111111	111111	111111	Rxx_x	111111	0.244	3
111111	Rxx_x	111111	111111	111111	0.09200000000000008	11
Rxx_x	111111	111111	111111	111111	-0.03600000000000003	16
Rxx_x	111111	111111	111111	111111	0.09800000000000009	11
Rxx_x	111111	111111	111111	111111	-0.041999999999999926	16
Ryy_x	111111	111111	111111	111111	-0.08399999999999996	10
Ryy_x	111111	111111	111111	111111	0.038000000000000034	16
Rxx_x	111111	111111	111111	111111	0.07400000000000007	12
Ryy_x	111111	111111	111111	111111	0.03600000000000003	16
Rxx_x	111111	111111	111111	111111	0.07400000000000007	11
Rxx_x	111111	111111	111111	111111	-0.03200000000000003	16
Rxx_x	111111	111111	111111	111111	0.06600000000000006	9
Ryy_x	111111	111111	111111	111111	0.030000000000000027	16
Rxx_x	111111	111111	111111	111111	0.05800000000000005	14
Rxx_x	111111	111111	111111	111111	-0.05799999999999994	2
Rxx_x	111111	111111	111111	111111	0.052000000000000046	10
Rxx_x	111111	111111	111111	111111	-0.026000000000000023	16
Rxx_x	111111	111111	111111	111111	0.052000000000000046	4
Rxx_x	111111	111111	111111	111111	-0.026000000000000023	16
Rxx_x	111111	111111	111111	111111	0.04400000000000004	13
Rxx_x	111111	111111	111111	111111	-0.02400000000000002	16
Rxx_x	111111	111111	111111	111111	0.052000000000000046	11
Rxx_x	111111	111111	111111	111111	-0.02200000000000002	16
Rxx_x	111111	111111	111111	111111	0.04200000000000004	4
111111	111111	111111	Rxx_x	111111	-0.05999999999999994	7
Rxx_x	111111	111111	111111	111111	-0.020000000000000018	16
Rxx_x	111111	111111	111111	111111	0.04200000000000004	14
Rxx_x	111111	111111	111111	111111	-0.020000000000000018	16
Ryy_x	111111	111111	111111	111111	-0.03400000000000003	13
Rxx_x	111111	111111	111111	111111	-0.040000000000000036	1
Ryy_x	111111	111111	111111	111111	-0.03200000000000003	13
Rxx_x	111111	111111	111111	111111	-0.018000000000000016	16
Rxx_x	111111	111111	111111	111111	0.03600000000000003	11
Rxx_x	111111	111111	111111	111111	-0.016000000000000014	16
Ryy_x	111111	111111	111111	111111	-0.03200000000000003	4
Rxx_x	111111	111111	111111	111111	-0.016000000000000014	16
Rxx_x	111111	111111	111111	111111	0.028000000000000025	13
Rxx_x	111111	111111	111111	111111	-0.03200000000000003	1
Rxx_x	111111	111111	111111	111111	0.026000000000000023	13
111111	Ryy_x	111111	111111	111111	0.03200000000000003	8
111111	111111	Rxx_x	111111	111111	-0.03200000000000003	11
111111	111111	Rxx_x	111111	111111	0.04200000000000004	15
111111	111111	Rxx_x	111111	111111	-0.040000000000000036	11
111111	111111	Rxx_x	111111	111111	0.03600000000000003	15
111111	111111	Rxx_x	111111	111111	-0.030000000000000027	5
Rxx_x	111111	111111	111111	111111	-0.014000000000000012	16
Ryy_x	111111	111111	111111	111111	-0.030000000000000027	14
Ryy_x	111111	111111	111111	111111	0.014000000000000012	16
Ryy_x	111111	111111	111111	111111	-0.02400000000000002	12
Rxx_x	111111	111111	111111	111111	-0.01200000000000001	16
Rxx_x	111111	111111	111111	111111	0.02200000000000002	13
Rxx_x	111111	111111	111111	111111	-0.02400000000000002	1
Rxx_x	111111	111111	111111	111111	0.020000000000000018	13
Ryy_x	111111	111111	111111	111111	0.01200000000000001	16
Rxx_x	111111	111111	111111	111111	0.02400000000000002	11
111111	111111	Ryy_x	111111	111111	-0.02400000000000002	15
111111	111111	Rxx_x	111111	111111	-0.028000000000000025	11
111111	111111	Rxx_x	111111	111111	0.028000000000000025	15
111111	111111	Ryy_x	111111	111111	0.026000000000000023	11
111111	111111	Rxx_x	111111	111111	0.02400000000000002	8
Rxx_x	111111	111111	111111	111111	-0.010000000000000009	16
Rxx_x	111111	111111	111111	111111	0.020000000000000018	14
Rxx_x	111111	111111	111111	111111	-0.010000000000000009	16
Ryy_x	111111	111111	111111	111111	-0.018000000000000016	13
Rxx_x	111111	111111	111111	111111	-0.02200000000000002	1
Rxx_x	111111	111111	111111	111111	0.018000000000000016	13
Rxx_x	111111	111111	111111	111111	-0.010000000000000009	16
111111	111111	Rxx_x	111111	111111	-0.02200000000000002	11
111111	111111	Rxx_x	111111	111111	0.02400000000000002	15
111111	111111	Rxx_x	111111	111111	-0.020000000000000018	7
Rxx_x	111111	111111	111111	111111	0.018000000000000016	4
111111	111111	Rxx_x	111111	111111	0.020000000000000018	15
111111	111111	Rxx_x	111111	111111	-0.020000000000000018	11
Rxx_x	111111	111111	111111	111111	-0.008000000000000007	16
111111	Rxx_x	111111	111111	111111	0.020000000000000018	1
111111	Rxx_x	111111	111111	111111	-0.020000000000000018	7
111111	Rxx_x	111111	111111	111111	0.020000000000000018	2
111111	111111	Rxx_x	111111	111111	0.018000000000000016	15
Rxx_x	111111	111111	111111	111111	0.014000000000000012	13
Rxx_x	111111	111111	111111	111111	-0.018000000000000016	1
Rxx_x	111111	111111	111111	111111	0.014000000000000012	13
111111	Rxx_x	111111	111111	111111	-0.018000000000000016	8
Rxx_x	111111	111111	111111	111111	-0.008000000000000007	16
Rxx_x	111111	111111	111111	111111	0.016000000000000014	14
Rxx_x	111111	111111	111111	111111	-0.008000000000000007	16
Rxx_x	111111	111111	111111	111111	0.016000000000000014	11
111111	111111	Rxx_x	111111	111111	-0.016000000000000014	7
111111	111111	Rxx_x	111111	111111	0.016000000000000014	8
111111	111111	Rxx_x	111111	111111	-0.016000000000000014	12
111111	111111	Rxx_x	111111	111111	0.014000000000000012	13
111111	111111	Rxx_x	111111	111111	-0.014000000000000012	5
111111	111111	Rxx_x	111111	111111	0.016000000000000014	8
111111	111111	Rxx_x	111111	111111	-0.016000000000000014	12
111111	111111	Rxx_x	111111	111111	0.016000000000000014	15
111111	111111	Rxx_x	111111	111111	-0.016000000000000014	11
111111	111111	Rxx_x	111111	111111	0.014000000000000012	8
111111	Rxx_x	111111	111111	111111	0.016000000000000014	0
Rxx_x	111111	111111	111111	111111	-0.006000000000000005	16
Rxx_x	111111	111111	111111	111111	0.010000000000000009	13
Rxx_x	111111	111111	111111	111111	-0.014000000000000012	1
Rxx_x	111111	111111	111111	111111	0.01200000000000001	13
Rxx_x	111111	111111	111111	111111	-0.006000000000000005	16
Rxx_x	111111	111111	111111	111111	0.01200000000000001	4
111111	Rxx_x	111111	111111	111111	-0.014000000000000012	8
111111	111111	Rxx_x	111111	111111	-0.014000000000000012	12
111111	111111	Ryy_x	111111	111111	-0.014000000000000012	13
111111	111111	Rxx_x	111111	111111	-0.014000000000000012	5
111111	111111	Ryy_x	111111	111111	-0.014000000000000012	8
111111	111111	Rxx_x	111111	111111	-0.014000000000000012	12
111111	111111	Rxx_x	111111	111111	0.014000000000000012	15
111111	111111	Rxx_x	111111	111111	-0.014000000000000012	7
111111	111111	Rxx_x	111111	111111	0.014000000000000012	8
111111	Rxx_x	111111	111111	111111	0.014000000000000012	0
Rxx_x	111111	111111	111111	111111	-0.006000000000000005	16
Rxx_x	111111	111111	111111	111111	0.01200000000000001	15
Rxx_x	111111	111111	111111	111111	-0.006000000000000005	16
Rxx_x	111111	111111	111111	111111	0.010000000000000009	13
111111	111111	Rxx_x	111111	111111	-0.01200000000000001	12
111111	111111	Rxx_x	111111	111111	0.01200000000000001	13
111111	111111	Rxx_x	111111	111111	-0.014000000000000012	5
111111	111111	Rxx_x	111111	111111	0.01200000000000001	13
111111	111111	Rxx_x	111111	111111	-0.01200000000000001	7
111111	111111	Rxx_x	111111	111111	0.014000000000000012	15
111111	111111	Rxx_x	111111	111111	-0.014000000000000012	11
111111	111111	Rxx_x	111111	111111	0.014000000000000012	6
111111	111111	Rxx_x	111111	111111	-0.01200000000000001	12
111111	111111	Ryy_x	111111	111111	-0.01200000000000001	8
111111	111111	Rxx_x	111111	111111	-0.01200000000000001	5
111111	Rxx_x	111111	111111	111111	-0.01200000000000001	5
111111	Rxx_x	111111	111111	111111	0.016000000000000014	1
111111	Rxx_x	111111	111111	111111	-0.014000000000000012	8
111111	111111	111111	Rxx_x	111111	0.016000000000000014	2
111111	111111	111111	Rxx_x	111111	-0.008000000000000007	16
111111	111111	111111	Rxx_x	111111	0.016000000000000014	0
111111	111111	111111	Ryy_x	111111	0.008000000000000007	16
111111	111111	111111	Rxx_x	111111	0.016000000000000014	2
Rxx_x	111111	111111	111111	111111	-0.01200000000000001	1
Rxx_x	111111	111111	111111	111111	0.010000000000000009	13
111111	111111	111111	Rxx_x	111111	-0.008000000000000007	16
111111	111111	111111	Rxx_x	111111	0.016000000000000014	0
Rxx_x	111111	111111	111111	111111	-0.006000000000000005	16
Rxx_x	111111	111111	111111	111111	0.01200000000000001	14
Rxx_x	111111	111111	111111	111111	-0.006000000000000005	16
Rxx_x	111111	111111	111111	111111	0.010000000000000009	12
111111	111111	111111	Rxx_x	111111	-0.008000000000000007	16
111111	111111	111111	Rxx_x	111111	0.014000000000000012	1
111111	111111	Ryy_x	111111	111111	-0.01200000000000001	15
111111	111111	Rxx_x	111111	111111	-0.01200000000000001	12
111111	111111	Rxx_x	111111	111111	0.01200000000000001	8
111111	111111	Ryy_x	111111	111111	0.014000000000000012	7
111111	111111	Ryy_x	111111	111111	-0.014000000000000012	15
111111	111111	Rxx_x	111111	111111	-0.01200000000000001	12
111111	111111	Rxx_x	111111	111111	0.014000000000000012	8
111111	111111	Rxx_x	111111	111111	-0.014000000000000012	11
111111	111111	Ryy_x	111111	111111	-0.01200000000000001	15
111111	111111	Rxx_x	111111	111111	-0.01200000000000001	12
111111	111111	Rxx_x	111111	111111	0.01200000000000001	8
111111	111111	Rxx_x	111111	111111	-0.01200000000000001	7
111111	111111	Rxx_x	111111	111111	0.010000000000000009	13
111111	Rxx_x	111111	111111	111111	0.010000000000000009	0
111111	Rxx_x	111111	111111	111111	-0.01200000000000001	5
111111	Rxx_x	111111	111111	111111	0.014000000000000012	1
111111	Rxx_x	111111	111111	111111	-0.01200000000000001	5
111111	Rxx_x	111111	111111	111111	0.01200000000000001	3
111111	Rxx_x	111111	111111	111111	-0.01200000000000001	7
111111	Rxx_x	111111	111111	111111	0.01200000000000001	4
111111	Rxx_x	111111	111111	111111	-0.01200000000000001	8
111111	Rxx_x	111111	111111	111111	0.01200000000000001	11
111111	Rxx_x	111111	111111	111111	-0.010000000000000009	7
111111	111111	Rxx_x	111111	111111	-0.010000000000000009	12
111111	111111	Rxx_x	111111	111111	0.01200000000000001	8
111111	111111	Rxx_x	111111	111111	-0.01200000000000001	9
111111	111111	Rxx_x	111111	111111	0.010000000000000009	13
111111	111111	Rxx_x	111111	111111	-0.010000000000000009	12
111111	111111	Rxx_x	111111	111111	0.010000000000000009	8
111111	111111	Rxx_x	111111	111111	-0.010000000000000009	5
111111	111111	Rxx_x	111111	111111	0.010000000000000009	15
111111	111111	Rxx_x	111111	111111	-0.010000000000000009	11
111111	111111	Rxx_x	111111	111111	0.010000000000000009	10
111111	111111	Rxx_x	111111	111111	-0.010000000000000009	12
111111	111111	Rxx_x	111111	111111	0.010000000000000009	8
111111	Rxx_x	111111	111111	111111	0.010000000000000009	4
111111	Rxx_x	111111	111111	111111	-0.01200000000000001	8
111111	Rxx_x	111111	111111	111111	0.01200000000000001	3
111111	Rxx_x	111111	111111	111111	-0.01200000000000001	7
111111	Rxx_x	111111	111111	111111	0.01200000000000001	4
111111	Rxx_x	111111	111111	111111	-0.010000000000000009	12
111111	111111	111111	Rxx_x	111111	-0.006000000000000005	16
111111	111111	111111	Rxx_x	111111	0.014000000000000012	2
111111	111111	111111	Rxx_x	111111	-0.008000000000000007	16
111111	111111	111111	Rxx_x	111111	0.016000000000000014	0
111111	111111	111111	Rxx_x	111111	-0.006000000000000005	16
111111	111111	111111	Rxx_x	111111	0.01200000000000001	1
111111	111111	111111	Rxx_x	111111	-0.006000000000000005	16
111111	111111	111111	Rxx_x	111111	0.01200000000000001	2
111111	111111	111111	Rxx_x	111111	-0.006000000000000005	16
111111	111111	111111	Rxx_x	111111	0.014000000000000012	15
111111	111111	111111	Rxx_x	111111	-0.008000000000000007	16
111111	111111	111111	Rxx_x	111111	0.014000000000000012	0
Rxx_x	111111	111111	111111	111111	-0.010000000000000009	1
Rxx_x	111111	111111	111111	111111	0.008000000000000007	13
111111	111111	Rxx_x	111111	111111	-0.010000000000000009	7
111111	111111	Rxx_x	111111	111111	0.01200000000000001	15
111111	111111	Rxx_x	111111	111111	-0.01200000000000001	12
111111	111111	Rxx_x	111111	111111	0.010000000000000009	8
Rxx_x	111111	111111	111111	111111	-0.008000000000000007	0
111111	111111	Rxx_x	111111	111111	-0.010000000000000009	7
111111	111111	Ryy_x	111111	111111	-0.01200000000000001	15
111111	111111	Ryy_x	111111	111111	0.010000000000000009	11
Rxx_x	111111	111111	111111	111111	0.008000000000000007	3
Rxx_x	111111	111111	111111	111111	-0.0040000000000000036	16
111111	111111	Ryy_x	111111	111111	-0.008000000000000007	13
111111	111111	Rxx_x	111111	111111	-0.010000000000000009	12
111111	111111	Rxx_x	111111	111111	0.010000000000000009	8
111111	111111	Rxx_x	111111	111111	-0.010000000000000009	9
111111	111111	Rxx_x	111111	111111	0.008000000000000007	13
Rxx_x	111111	111111	111111	111111	0.006000000000000005	13
111111	111111	111111	Ryy_x	111111	0.006000000000000005	16
111111	111111	111111	Rxx_x	111111	0.014000000000000012	2
111111	111111	111111	Rxx_x	111111	-0.006000000000000005	16
111111	111111	111111	Rxx_x	111111	0.01200000000000001	1
111111	111111	111111	Rxx_x	111111	-0.006000000000000005	16
111111	111111	111111	Rxx_x	111111	0.01200000000000001	15
111111	111111	111111	Rxx_x	111111	-0.006000000000000005	16
111111	111111	111111	Rxx_x	111111	0.01200000000000001	0
Ryy_x	111111	111111	111111	111111	0.010000000000000009	1
Rxx_x	111111	111111	111111	111111	0.008000000000000007	13
111111	111111	111111	Rxx_x	111111	-0.006000000000000005	16
111111	111111	111111	Rxx_x	111111	0.01200000000000001	1
111111	111111	Rxx_x	111111	111111	-0.010000000000000009	12
111111	111111	Rxx_x	111111	111111	0.010000000000000009	8
111111	111111	111111	Ryy_x	111111	0.006000000000000005	16
111111	111111	111111	Rxx_x	111111	0.01200000000000001	2
111111	111111	Rxx_x	111111	111111	-0.010000000000000009	9
111111	111111	Rxx_x	111111	111111	0.008000000000000007	13
111111	111111	111111	Rxx_x	111111	-0.006000000000000005	16
111111	111111	111111	Rxx_x	111111	0.01200000000000001	3
111111	111111	111111	Ryy_x	111111	0.006000000000000005	16
111111	111111	111111	Rxx_x	111111	0.014000000000000012	0
111111	111111	111111	Rxx_x	111111	-0.008000000000000007	16
111111	111111	111111	Rxx_x	111111	0.014000000000000012	1
Rxx_x	111111	111111	111111	111111	-0.010000000000000009	2
111111	111111	Rxx_x	111111	111111	-0.010000000000000009	12
111111	111111	Ryy_x	111111	111111	-0.010000000000000009	8
Rxx_x	111111	111111	111111	111111	0.008000000000000007	14
111111	111111	111111	Rxx_x	111111	-0.006000000000000005	16
111111	111111	111111	Rxx_x	111111	0.01200000000000001	2
111111	111111	111111	Rxx_x	111111	-0.006000000000000005	16
111111	111111	111111	Rxx_x	111111	0.01200000000000001	3
111111	111111	111111	Rxx_x	111111	-0.006000000000000005	16
111111	111111	111111	Rxx_x	111111	0.01200000000000001	0
111111	111111	111111	Rxx_x	111111	-0.006000000000000005	16
111111	111111	111111	Rxx_x	111111	0.010000000000000009	3
Rxx_x	111111	111111	111111	111111	-0.010000000000000009	1
111111	111111	Rxx_x	111111	111111	-0.010000000000000009	9
111111	111111	Ryy_x	111111	111111	-0.008000000000000007	13
Ryy_x	111111	111111	111111	111111	-0.008000000000000007	13
111111	111111	111111	Rxx_x	111111	-0.006000000000000005	16
111111	111111	111111	Rxx_x	111111	0.01200000000000001	2
111111	111111	Rxx_x	111111	111111	-0.008000000000000007	14
Ryy_x	111111	111111	111111	111111	0.008000000000000007	0
111111	111111	Rxx_x	111111	111111	0.008000000000000007	10
111111	111111	Rxx_x	111111	111111	-0.008000000000000007	12
111111	111111	Ryy_x	111111	111111	-0.008000000000000007	15
111111	111111	Rxx_x	111111	111111	-0.008000000000000007	7
111111	111111	Rxx_x	111111	111111	0.008000000000000007	8
111111	111111	Rxx_x	111111	111111	-0.008000000000000007	14
111111	111111	Rxx_x	111111	111111	0.010000000000000009	15
111111	111111	Rxx_x	111111	111111	-0.010000000000000009	11
111111	111111	Rxx_x	111111	111111	0.008000000000000007	10
111111	111111	111111	Rxx_x	111111	-0.0040000000000000036	16
111111	111111	111111	Rxx_x	111111	0.01200000000000001	0
111111	111111	111111	Rxx_x	111111	-0.006000000000000005	16
111111	111111	111111	Rxx_x	111111	0.01200000000000001	1
111111	111111	111111	Rxx_x	111111	-0.006000000000000005	16
111111	111111	111111	Rxx_x	111111	0.010000000000000009	3
111111	111111	111111	Rxx_x	111111	-0.006000000000000005	16
111111	111111	111111	Rxx_x	111111	0.01200000000000001	2
111111	111111	111111	Ryy_x	111111	0.006000000000000005	16
111111	111111	111111	Rxx_x	111111	0.01200000000000001	0
111111	111111	111111	Rxx_x	111111	-0.006000000000000005	16
111111	111111	111111	Rxx_x	111111	0.01200000000000001	1
111111	111111	111111	Rxx_x	111111	-0.006000000000000005	16
111111	111111	111111	Rxx_x	111111	0.010000000000000009	3
111111	111111	111111	Rxx_x	111111	-0.006000000000000005	16
111111	111111	111111	Rxx_x	111111	0.01200000000000001	2
111111	111111	Rxx_x	111111	111111	-0.010000000000000009	14
111111	111111	111111	Rxx_x	111111	-0.006000000000000005	16
111111	111111	111111	Rxx_x	111111	0.01200000000000001	0
111111	111111	111111	Rxx_x	111111	-0.006000000000000005	16
111111	111111	111111	Rxx_x	111111	0.01200000000000001	3
111111	111111	111111	Rxx_x	111111	-0.006000000000000005	16
111111	111111	111111	Rxx_x	111111	0.010000000000000009	1
111111	111111	Rxx_x	111111	111111	0.008000000000000007	10
111111	111111	111111	Rxx_x	111111	-0.006000000000000005	16
111111	111111	111111	Rxx_x	111111	0.01200000000000001	0
111111	111111	111111	Rxx_x	111111	-0.006000000000000005	16
111111	111111	111111	Rxx_x	111111	0.01200000000000001	2
111111	111111	111111	Rxx_x	111111	-0.006000000000000005	16
111111	111111	111111	Rxx_x	111111	0.010000000000000009	3
111111	111111	Rxx_x	111111	111111	-0.008000000000000007	12
111111	111111	Rxx_x	111111	111111	0.008000000000000007	8
111111	111111	Rxx_x	111111	111111	-0.008000000000000007	9
111111	111111	Rxx_x	111111	111111	0.008000000000000007	13
111111	111111	Rxx_x	111111	111111	-0.008000000000000007	14
111111	111111	111111	Rxx_x	111111	-0.0040000000000000036	16
111111	111111	111111	Rxx_x	111111	0.010000000000000009	1
111111	111111	111111	Rxx_x	111111	-0.006000000000000005	16
111111	111111	111111	Rxx_x	111111	0.010000000000000009	0
111111	Rxx_x	111111	111111	111111	-0.008000000000000007	8
111111	Rxx_x	111111	111111	111111	0.010000000000000009	4
111111	Rxx_x	111111	111111	111111	-0.008000000000000007	12
111111	Ryy_x	111111	111111	111111	-0.008000000000000007	4
111111	Rxx_x	111111	111111	111111	-0.008000000000000007	5
111111	Rxx_x	111111	111111	111111	0.008000000000000007	11
111111	Rxx_x	111111	111111	111111	-0.008000000000000007	8
111111	Rxx_x	111111	111111	111111	0.008000000000000007	4
111111	Ryy_x	111111	111111	111111	0.008000000000000007	7
111111	Rxx_x	111111	111111	111111	0.008000000000000007	11
111111	Ryy_x	111111	111111	111111	0.008000000000000007	8
111111	Rxx_x	111111	111111	111111	0.008000000000000007	4
111111	Ryy_x	111111	111111	111111	0.008000000000000007	7
111111	Rxx_x	111111	111111	111111	0.008000000000000007	11
111111	Rxx_x	111111	111111	111111	-0.008000000000000007	8
111111	Rxx_x	111111	111111	111111	0.008000000000000007	4
111111	Rxx_x	111111	111111	111111	-0.008000000000000007	7
111111	Rxx_x	111111	111111	111111	0.008000000000000007	11
111111	111111	111111	Rxx_x	111111	-0.0040000000000000036	16
111111	111111	111111	Rxx_x	111111	0.008000000000000007	3
111111	111111	111111	Rxx_x	111111	-0.0040000000000000036	16
111111	Ryy_x	111111	111111	111111	0.006000000000000005	8
111111	111111	111111	Rxx_x	111111	0.008000000000000007	2
111111	111111	111111	Rxx_x	111111	-0.0040000000000000036	16
111111	111111	111111	Rxx_x	111111	0.008000000000000007	1
111111	111111	111111	Rxx_x	111111	-0.0040000000000000036	16
111111	111111	111111	Rxx_x	111111	0.008000000000000007	0
111111	111111	111111	Rxx_x	111111	-0.0040000000000000036	16
111111	111111	111111	Rxx_x	111111	0.006000000000000005	3
111111	111111	111111	Rxx_x	111111	-0.0040000000000000036	16
111111	111111	111111	Rxx_x	111111	0.008000000000000007	2
111111	111111	111111	Rxx_x	111111	-0.0040000000000000036	16
111111	111111	111111	Ryy_x	111111	-0.008000000000000007	1
111111	111111	111111	Rxx_x	111111	-0.0040000000000000036	16
111111	111111	111111	Rxx_x	111111	0.008000000000000007	3
111111	111111	111111	Rxx_x	111111	-0.0040000000000000036	16
111111	111111	111111	Rxx_x	111111	0.008000000000000007	0
111111	111111	111111	Ryy_x	111111	0.0040000000000000036	16
111111	111111	111111	Rxx_x	111111	0.006000000000000005	2
Rxx_x	111111	111111	111111	111111	-0.006000000000000005	2
Rxx_x	111111	111111	111111	111111	0.008000000000000007	4
Rxx_x	111111	111111	111111	111111	-0.006000000000000005	1
Rxx_x	111111	111111	111111	111111	0.006000000000000005	13
Rxx_x	111111	111111	111111	111111	-0.006000000000000005	0
111111	Ryy_x	111111	111111	111111	-0.006000000000000005	4
111111	Rxx_x	111111	111111	111111	-0.008000000000000007	12
111111	Rxx_x	111111	111111	111111	0.008000000000000007	4
111111	Rxx_x	111111	111111	111111	-0.008000000000000007	7
111111	Rxx_x	111111	111111	111111	0.008000000000000007	11
111111	Rxx_x	111111	111111	111111	-0.008000000000000007	8
111111	Rxx_x	111111	111111	111111	0.008000000000000007	4
111111	Rxx_x	111111	111111	111111	-0.008000000000000007	7
111111	Rxx_x	111111	111111	111111	0.008000000000000007	11
111111	Rxx_x	111111	111111	111111	-0.008000000000000007	8
111111	Ryy_x	111111	111111	111111	-0.008000000000000007	4
111111	Rxx_x	111111	111111	111111	-0.006000000000000005	7
111111	111111	Rxx_x	111111	111111	0.006000000000000005	10
111111	111111	Rxx_x	111111	111111	-0.008000000000000007	12
111111	111111	Rxx_x	111111	111111	0.008000000000000007	8
111111	111111	Rxx_x	111111	111111	-0.008000000000000007	9
111111	111111	Ryy_x	111111	111111	-0.008000000000000007	13
111111	111111	Rxx_x	111111	111111	-0.010000000000000009	12
111111	111111	Rxx_x	111111	111111	0.008000000000000007	8
111111	111111	Rxx_x	111111	111111	-0.008000000000000007	11
111111	111111	Rxx_x	111111	111111	0.008000000000000007	15
111111	111111	Rxx_x	111111	111111	-0.008000000000000007	14
111111	111111	Rxx_x	111111	111111	0.008000000000000007	13
111111	111111	Rxx_x	111111	111111	-0.010000000000000009	9
111111	111111	Rxx_x	111111	111111	0.010000000000000009	10
111111	111111	Rxx_x	111111	111111	-0.008000000000000007	14
111111	111111	Rxx_x	111111	111111	0.006000000000000005	13
111111	111111	Rxx_x	111111	111111	-0.008000000000000007	11
111111	111111	Rxx_x	111111	111111	0.008000000000000007	15
111111	111111	Rxx_x	111111	111111	-0.006000000000000005	9
111111	111111	Rxx_x	111111	111111	0.006000000000000005	10
111111	111111	Rxx_x	111111	111111	-0.006000000000000005	14
111111	111111	Rxx_x	111111	111111	0.006000000000000005	13
111111	111111	Rxx_x	111111	111111	-0.008000000000000007	11
111111	111111	Ryy_x	111111	111111	-0.008000000000000007	15
111111	111111	Rxx_x	111111	111111	-0.008000000000000007	12
111111	111111	Rxx_x	111111	111111	0.008000000000000007	8
111111	111111	Rxx_x	111111	111111	-0.008000000000000007	7
111111	111111	Rxx_x	111111	111111	0.008000000000000007	15
111111	111111	Rxx_x	111111	111111	-0.006000000000000005	12
111111	111111	Rxx_x	111111	111111	0.008000000000000007	8
111111	111111	Rxx_x	111111	111111	-0.008000000000000007	9
111111	111111	Ryy_x	111111	111111	-0.006000000000000005	13
111111	111111	Rxx_x	111111	111111	-0.008000000000000007	12
111111	111111	Rxx_x	111111	111111	0.008000000000000007	8
111111	111111	Rxx_x	111111	111111	-0.008000000000000007	11
111111	111111	Rxx_x	111111	111111	0.008000000000000007	10
111111	111111	Rxx_x	111111	111111	-0.008000000000000007	14
111111	111111	Rxx_x	111111	111111	0.008000000000000007	15
111111	111111	Rxx_x	111111	111111	-0.006000000000000005	7
Rxx_x	111111	111111	111111	111111	0.006000000000000005	3
Rxx_x	111111	111111	111111	111111	-0.006000000000000005	1
Ryy_x	111111	111111	111111	111111	-0.006000000000000005	13
Rxx_x	111111	111111	111111	111111	-0.008000000000000007	2
Rxx_x	111111	111111	111111	111111	0.006000000000000005	14
Rxx_x	111111	111111	111111	111111	-0.006000000000000005	1
Rxx_x	111111	111111	111111	111111	0.006000000000000005	13
Rxx_x	111111	111111	111111	111111	-0.006000000000000005	1
111111	111111	Rxx_x	111111	111111	0.006000000000000005	6
111111	111111	Rxx_x	111111	111111	-0.006000000000000005	14
111111	111111	Rxx_x	111111	111111	0.006000000000000005	15
111111	111111	Rxx_x	111111	111111	-0.006000000000000005	11
111111	111111	Rxx_x	111111	111111	0.006000000000000005	10
111111	111111	Rxx_x	111111	111111	-0.006000000000000005	14
111111	111111	Rxx_x	111111	111111	0.006000000000000005	13
111111	111111	Rxx_x	111111	111111	-0.008000000000000007	9
111111	111111	Rxx_x	111111	111111	0.006000000000000005	13
111111	111111	Ryy_x	111111	111111	0.006000000000000005	12
111111	111111	Rxx_x	111111	111111	0.008000000000000007	8
111111	111111	Rxx_x	111111	111111	-0.008000000000000007	1
111111	111111	Rxx_x	111111	111111	0.006000000000000005	13
111111	111111	Rxx_x	111111	111111	-0.006000000000000005	12
111111	111111	Rxx_x	111111	111111	0.006000000000000005	8
111111	111111	Rxx_x	111111	111111	-0.006000000000000005	9
111111	111111	Rxx_x	111111	111111	0.006000000000000005	13
111111	111111	Rxx_x	111111	111111	-0.006000000000000005	12
Rxx_x	111111	111111	111111	111111	0.0040000000000000036	13
Rxx_x	111111	111111	111111	111111	-0.0040000000000000036	0
111111	Rxx_x	111111	111111	111111	0.006000000000000005	11
111111	Ryy_x	111111	111111	111111	0.006000000000000005	5
111111	Rxx_x	111111	111111	111111	0.006000000000000005	1
111111	Rxx_x	111111	111111	111111	-0.006000000000000005	12
111111	Rxx_x	111111	111111	111111	0.006000000000000005	4
111111	Rxx_x	111111	111111	111111	-0.006000000000000005	5
111111	Rxx_x	111111	111111	111111	0.006000000000000005	1
111111	Rxx_x	111111	111111	111111	-0.006000000000000005	8
111111	Rxx_x	111111	111111	111111	0.006000000000000005	4
111111	Ryy_x	111111	111111	111111	0.006000000000000005	5
111111	Ryy_x	111111	111111	111111	-0.006000000000000005	1
111111	Rxx_x	111111	111111	111111	-0.006000000000000005	7
111111	Ryy_x	111111	111111	111111	-0.006000000000000005	4
111111	Rxx_x	111111	111111	111111	-0.006000000000000005	12
111111	Rxx_x	111111	111111	111111	0.006000000000000005	3
111111	Rxx_x	111111	111111	111111	-0.006000000000000005	8
111111	Rxx_x	111111	111111	111111	0.006000000000000005	4
111111	Rxx_x	111111	111111	111111	-0.006000000000000005	5
111111	Rxx_x	111111	111111	111111	0.006000000000000005	4
111111	Rxx_x	111111	111111	111111	-0.006000000000000005	12
111111	Rxx_x	111111	111111	111111	0.006000000000000005	1
111111	111111	Rxx_x	111111	111111	0.006000000000000005	10
111111	111111	Rxx_x	111111	111111	-0.006000000000000005	14
111111	111111	Rxx_x	111111	111111	0.006000000000000005	15
111111	111111	Rxx_x	111111	111111	-0.006000000000000005	7
111111	111111	Rxx_x	111111	111111	0.006000000000000005	8
111111	111111	Rxx_x	111111	111111	-0.006000000000000005	9
111111	111111	Ryy_x	111111	111111	-0.006000000000000005	13
111111	111111	Rxx_x	111111	111111	-0.006000000000000005	12
111111	Rxx_x	111111	111111	111111	-0.0040000000000000036	5
111111	111111	Rxx_x	111111	111111	0.0040000000000000036	4
111111	111111	Rxx_x	111111	111111	-0.006000000000000005	1
111111	111111	Rxx_x	111111	111111	0.006000000000000005	10
111111	111111	Rxx_x	111111	111111	-0.006000000000000005	14
111111	111111	Rxx_x	111111	111111	0.006000000000000005	13
111111	111111	Rxx_x	111111	111111	-0.006000000000000005	11
111111	111111	Ryy_x	111111	111111	-0.006000000000000005	15
111111	111111	Rxx_x	111111	111111	-0.006000000000000005	7
111111	111111	Rxx_x	111111	111111	0.006000000000000005	15
111111	111111	Rxx_x	111111	111111	-0.0040000000000000036	12
111111	111111	Rxx_x	111111	111111	0.0040000000000000036	8
111111	111111	Rxx_x	111111	111111	-0.0040000000000000036	5
111111	111111	Rxx_x	111111	111111	0.0040000000000000036	6
111111	111111	Rxx_x	111111	111111	-0.0040000000000000036	14
Rxx_x	111111	111111	111111	111111	0.0040000000000000036	3
111111	111111	111111	Rxx_x	111111	-0.0040000000000000036	16
111111	111111	111111	Rxx_x	111111	0.010000000000000009	15
111111	111111	111111	Rxx_x	111111	-0.0040000000000000036	16
111111	111111	111111	Rxx_x	111111	0.008000000000000007	0
111111	111111	111111	Rxx_x	111111	-0.0040000000000000036	16
111111	111111	111111	Rxx_x	111111	0.008000000000000007	1
111111	111111	111111	Rxx_x	111111	-0.0040000000000000036	16
111111	111111	111111	Rxx_x	111111	0.006000000000000005	2
Rxx_x	111111	111111	111111	111111	-0.0040000000000000036	2
Rxx_x	111111	111111	111111	111111	0.0040000000000000036	10
Ryy_x	111111	111111	111111	111111	0.0040000000000000036	1
111111	111111	Rxx_x	111111	111111	0.0040000000000000036	10
111111	111111	Rxx_x	111111	111111	-0.0040000000000000036	14
111111	111111	111111	Rxx_x	111111	-0.0020000000000000018	16
111111	111111	111111	Ryy_x	111111	-0.006000000000000005	3
111111	111111	111111	Rxx_x	111111	-0.0040000000000000036	16
111111	111111	111111	Rxx_x	111111	0.006000000000000005	0
111111	111111	111111	Rxx_x	111111	-0.0020000000000000018	16
111111	111111	111111	Rxx_x	111111	0.0040000000000000036	1
111111	111111	111111	Rxx_x	111111	-0.0020000000000000018	16
111111	111111	111111	Rxx_x	111111	0.0040000000000000036	2
111111	111111	111111	Ryy_x	111111	0.0020000000000000018	16
111111	111111	111111	Rxx_x	111111	0.0040000000000000036	15
111111	111111	111111	Rxx_x	111111	-0.0020000000000000018	16
111111	111111	111111	Rxx_x	111111	0.0040000000000000036	0
111111	111111	111111	Rxx_x	111111	-0.0020000000000000018	16
111111	111111	111111	Rxx_x	111111	0.0040000000000000036	1
111111	111111	111111	Rxx_x	111111	-0.0020000000000000018	16
111111	111111	Rxx_x	111111	111111	0.0040000000000000036	6
111111	111111	Rxx_x	111111	111111	-0.006000000000000005	11
111111	111111	Rxx_x	111111	111111	0.006000000000000005	15
111111	111111	Rxx_x	111111	111111	-0.006000000000000005	14
111111	111111	Rxx_x	111111	111111	0.006000000000000005	10
111111	111111	Rxx_x	111111	111111	-0.0040000000000000036	7
111111	111111	Rxx_x	111111	111111	0.0040000000000000036	15
111111	111111	Ryy_x	111111	111111	0.0040000000000000036	14
111111	111111	Rxx_x	111111	111111	0.0040000000000000036	13
111111	111111	Rxx_x	111111	111111	-0.0040000000000000036	1
111111	111111	111111	Rxx_x	111111	0.0040000000000000036	15
111111	111111	111111	Rxx_x	111111	-0.0020000000000000018	16
111111	111111	111111	Rxx_x	111111	0.0040000000000000036	2
111111	111111	111111	Rxx_x	111111	-0.0040000000000000036	10
111111	111111	111111	Rxx_x	111111	0.0040000000000000036	2
111111	111111	111111	Rxx_x	111111	-0.0040000000000000036	6
Ryy_x	111111	111111	111111	111111	-0.0040000000000000036	13
Rxx_x	111111	111111	111111	111111	-0.006000000000000005	2
Ryy_x	111111	111111	111111	111111	-0.0040000000000000036	10
111111	111111	Rxx_x	111111	111111	0.0040000000000000036	6
111111	111111	Rxx_x	111111	111111	-0.0040000000000000036	14
111111	111111	Rxx_x	111111	111111	0.0040000000000000036	13
