Acc0	Acc1	AccAver	threshold
1.0	0.0	0.5	inf
0.9891774891774892	0.9981412639405205	0.9936593765590048	0.2744686711107853
0.9978354978354979	0.9962825278810409	0.9970590128582694	0.2519819281210687
0.9978354978354979	0.9944237918215614	0.9961296448285296	0.2519819281210687
0.9978354978354979	0.9907063197026023	0.99427090876905	0.2744686711107853
0.9978354978354979	0.9944237918215614	0.9961296448285296	0.023134841690182872
0.9956709956709957	1.0	0.9978354978354979	-0.4831349718693748
0.9956709956709957	1.0	0.9978354978354979	-0.4851895953361456
0.9978354978354979	1.0	0.998917748917749	-0.4950840693499058
0.9978354978354979	1.0	0.998917748917749	-0.4950840693499058
0.9978354978354979	1.0	0.998917748917749	-0.4800451970787899
0.9978354978354979	1.0	0.998917748917749	-0.5247693403976668
0.9978354978354979	1.0	0.998917748917749	-0.5247693403976668
0.9978354978354979	1.0	0.998917748917749	-0.028184361336304975
0.9978354978354979	1.0	0.998917748917749	-0.028184361336304975
0.9978354978354979	1.0	0.998917748917749	-0.010077565850952763
0.9978354978354979	1.0	0.998917748917749	-0.010077565850952763
0.9978354978354979	1.0	0.998917748917749	-0.010077565850952763
0.9978354978354979	1.0	0.998917748917749	0.05617190720005971
1.0	0.9981412639405205	0.9990706319702602	0.08407069324550975
1.0	0.9981412639405205	0.9990706319702602	0.08407069324550975
1.0	0.9981412639405205	0.9990706319702602	0.14647302701240772
1.0	0.9981412639405205	0.9990706319702602	0.14647302701240772
1.0	0.9981412639405205	0.9990706319702602	0.18982528543558508
1.0	0.9981412639405205	0.9990706319702602	0.18982528543558508
1.0	0.9981412639405205	0.9990706319702602	0.23281039695724282
1.0	0.9981412639405205	0.9990706319702602	0.23281039695724282
1.0	1.0	1.0	0.15127553344898503
1.0	1.0	1.0	0.1676451502442018
1.0	1.0	1.0	0.14855592507426518
1.0	1.0	1.0	0.16504005893750828
1.0	1.0	1.0	0.14581811424049462
1.0	0.9981412639405205	0.9990706319702602	0.3410783769174821
1.0	0.9981412639405205	0.9990706319702602	0.3410783769174821
1.0	0.9981412639405205	0.9990706319702602	0.3410783769174821
1.0	0.9981412639405205	0.9990706319702602	0.3704372838869361
1.0	0.9981412639405205	0.9990706319702602	0.3704372838869361
1.0	1.0	1.0	0.32189169689131614
1.0	1.0	1.0	0.32189169689131614
1.0	1.0	1.0	0.32096797367609486
1.0	1.0	1.0	0.32189405528255954
1.0	1.0	1.0	0.3207110667489863
1.0	1.0	1.0	0.32176442067599287
1.0	1.0	1.0	0.32071646984648794
1.0	1.0	1.0	0.32071646984648794
1.0	1.0	1.0	0.32071646984648794
1.0	1.0	1.0	0.32071646984648794
1.0	1.0	1.0	0.32071646984648794
1.0	1.0	1.0	0.32071646984648794
1.0	1.0	1.0	0.5767301527939299
1.0	1.0	1.0	0.5767301527939299
1.0	1.0	1.0	0.582077994169651
1.0	1.0	1.0	0.5733031350272004
1.0	1.0	1.0	0.5733031350272004
1.0	1.0	1.0	0.5733031350272004
1.0	1.0	1.0	0.5733031350272004
1.0	1.0	1.0	0.5821487283071749
1.0	1.0	1.0	0.580633899726926
1.0	1.0	1.0	0.5821531629426333
1.0	1.0	1.0	0.5806413799128429
1.0	1.0	1.0	0.5819167315194533
1.0	1.0	1.0	0.5802688219917211
1.0	1.0	1.0	0.578386278545842
1.0	1.0	1.0	0.5806696953794632
1.0	1.0	1.0	0.5783967515726633
1.0	1.0	1.0	0.5802832908046089
1.0	1.0	1.0	0.5778584723337044
1.0	1.0	1.0	0.5798669550376947
1.0	1.0	1.0	0.5778673197515154
1.0	1.0	1.0	0.5798738519475652
1.0	1.0	1.0	0.5778761595303861
1.0	1.0	1.0	0.5794262361637037
1.0	1.0	1.0	0.577306667090284
1.0	1.0	1.0	0.5789484820419972
1.0	1.0	1.0	0.5599839968812896
1.0	1.0	1.0	0.5558392407790473
1.0	1.0	1.0	0.5558392407790473
1.0	1.0	1.0	0.5521584276294826
1.0	1.0	1.0	0.5661956739766243
1.0	1.0	1.0	0.5605431787113153
1.0	1.0	1.0	0.5635845058233067
1.0	1.0	1.0	0.5594855533430001
1.0	1.0	1.0	0.5626169016551807
1.0	1.0	1.0	0.5626169016551807
1.0	1.0	1.0	0.6797369283787167
1.0	1.0	1.0	0.6797369283787167
1.0	1.0	1.0	0.6797369283787167
1.0	1.0	1.0	0.6763846571698608
1.0	1.0	1.0	0.679749547983781
1.0	1.0	1.0	0.6763984280930477
1.0	1.0	1.0	0.6763984280930477
1.0	1.0	1.0	0.6763984280930477
1.0	1.0	1.0	0.6767045175037785
1.0	1.0	1.0	0.6767045175037785
1.0	1.0	1.0	0.6767045175037785
1.0	1.0	1.0	0.7382960425740008
1.0	1.0	1.0	0.7382960425740008
1.0	1.0	1.0	0.7392619124524258
1.0	1.0	1.0	0.7392619124524258
1.0	1.0	1.0	0.7392619124524258
1.0	1.0	1.0	0.7317457448149167
1.0	1.0	1.0	0.7429745653796984
1.0	1.0	1.0	0.7279425268301085
1.0	1.0	1.0	0.7392619124524258
1.0	1.0	1.0	0.7279425268301085
1.0	1.0	1.0	0.7392619124524258
1.0	1.0	1.0	0.7279425268301085
1.0	1.0	1.0	0.712201802650172
1.0	1.0	1.0	0.7253064079362723
1.0	1.0	1.0	0.7164952280703365
1.0	1.0	1.0	0.7164952280703365
1.0	1.0	1.0	0.7164952280703365
1.0	1.0	1.0	0.7164952280703365
1.0	1.0	1.0	0.7164952280703365
1.0	1.0	1.0	0.7164952280703365
1.0	1.0	1.0	0.7213478377177593
1.0	1.0	1.0	0.7213478377177593
1.0	1.0	1.0	0.72999378039487
1.0	1.0	1.0	0.72999378039487
1.0	1.0	1.0	0.72999378039487
1.0	1.0	1.0	0.72999378039487
1.0	1.0	1.0	0.72999378039487
1.0	1.0	1.0	0.72999378039487
1.0	1.0	1.0	0.72999378039487
1.0	1.0	1.0	0.72999378039487
1.0	1.0	1.0	0.72999378039487
1.0	1.0	1.0	0.72999378039487
1.0	1.0	1.0	0.73852444858113
1.0	1.0	1.0	0.729892730870942
1.0	1.0	1.0	0.7426471355057522
1.0	1.0	1.0	0.734072853402155
1.0	1.0	1.0	0.7425481217225578
1.0	1.0	1.0	0.7368442601884577
1.0	1.0	1.0	0.7452815085360833
1.0	1.0	1.0	0.7348205337370264
1.0	1.0	1.0	0.7348205337370264
1.0	1.0	1.0	0.7348205337370264
1.0	1.0	1.0	0.7348205337370264
1.0	1.0	1.0	0.7348205337370264
1.0	1.0	1.0	0.7348205337370264
1.0	1.0	1.0	0.7348205337370264
1.0	1.0	1.0	0.7348205337370264
1.0	1.0	1.0	0.7220324288735722
1.0	1.0	1.0	0.725881573573746
1.0	1.0	1.0	0.7147066504139212
1.0	1.0	1.0	0.7224868116312113
1.0	1.0	1.0	0.7147066504139208
1.0	1.0	1.0	0.7224868116312109
1.0	1.0	1.0	0.710772442051713
1.0	1.0	1.0	0.7186114916592352
