Acc0	Acc1	AccAver	threshold
1.0	0.0	0.5	inf
0.4377431906614786	0.6234567901234568	0.5305999903924676	-0.7912158796608247
0.7976653696498055	0.42386831275720166	0.6107668412035036	-0.8122704212846084
0.7509727626459144	0.3950617283950617	0.573017245520488	-0.7205473277719088
0.7529182879377432	0.3950617283950617	0.5739900081664024	-0.7192293290558447
0.8929961089494164	0.18930041152263374	0.541148260236025	-0.6861237311072084
0.36770428015564205	0.7962962962962963	0.5820002882259692	-0.8768084541999317
0.7587548638132295	0.2736625514403292	0.5162087076267794	-0.8763192481664486
0.8638132295719845	0.2242798353909465	0.5440465324814655	-0.9200779642951231
0.8463035019455253	0.2962962962962963	0.5712998991209108	-0.6660681402128368
0.9513618677042801	0.3333333333333333	0.6423476005188067	-0.8936226883350342
0.9513618677042801	0.3333333333333333	0.6423476005188067	-0.8507361193868482
0.7120622568093385	0.31893004115226337	0.515496148980801	-0.9613938437586572
0.8443579766536965	0.3477366255144033	0.5960473010840499	-0.837364119520848
0.830739299610895	0.3374485596707819	0.5840939296408385	-0.8209215259688458
0.9085603112840467	0.15637860082304528	0.532469456053546	-0.6300472037875733
0.6459143968871596	0.551440329218107	0.5986773630526333	-0.917522053282369
0.9416342412451362	0.13786008230452676	0.5397471617748315	-0.6307614160589703
0.011673151750972763	0.9958847736625515	0.5037789627067621	-0.9999996617907746
0.17898832684824903	0.8333333333333334	0.5061608300907912	-0.9979903203725068
0.9922178988326849	0.012345679012345678	0.5022817889225153	-0.3222900083633049
0.9863813229571985	0.0205761316872428	0.5034787273222207	-0.40345002751691883
0.048638132295719845	0.977366255144033	0.5130021937198764	-0.9997518489143978
0.05058365758754864	0.977366255144033	0.5139749563657908	-0.9997552767304028
0.8696498054474708	0.1748971193415638	0.5222734623945173	-0.3675857125491382
0.9844357976653697	0.05555555555555555	0.5199956766104626	0.16515137912464728
0.9494163424124513	0.12962962962962962	0.5395229860210404	-0.5793503169335579
0.3521400778210117	0.7736625514403292	0.5629013146306705	-0.9916118678100004
0.3151750972762646	0.7839506172839507	0.5495628572801077	-0.9947903556991275
0.3151750972762646	0.7839506172839507	0.5495628572801077	-0.9947445271974344
0.9221789883268483	0.102880658436214	0.5125298233815312	-0.8018444479630101
0.009727626459143969	0.9938271604938271	0.5017773934764855	-0.9999999104080857
0.0019455252918287938	1.0	0.5009727626459144	-0.9999999983247475
0.009727626459143969	0.9938271604938271	0.5017773934764855	-0.9999999660131363
0.005836575875486381	0.9979423868312757	0.5018894813533811	-0.9999999912548198
0.10505836575875487	0.9094650205761317	0.5072616931674433	-0.9999217328272237
0.17120622568093385	0.8539094650205762	0.512557845350755	-0.999795121640551
0.17898832684824903	0.8374485596707819	0.5082184432595155	-0.9997576240747874
0.9922178988326849	0.01440329218106996	0.5033105955068774	-0.3299280037167147
0.8404669260700389	0.2777777777777778	0.5591223519239084	-0.5835139586940935
0.6284046692607004	0.46502057613168724	0.5467126226961938	-0.877454780409188
0.07003891050583658	0.948559670781893	0.5092992906438648	-0.9996582879803156
0.20622568093385213	0.8292181069958847	0.5177218939648685	-0.9975608655072127
0.4396887159533074	0.6481481481481481	0.5439184320507278	-0.975576398633347
0.122568093385214	0.8930041152263375	0.5077861043057758	-0.9992942890385295
1.0	0.0	0.5	inf
1.0	0.0	0.5	inf
1.0	0.0	0.5	inf
1.0	0.0	0.5	inf
1.0	0.0	0.5	inf
0.0038910505836575876	1.0	0.5019455252918288	-0.9999999830703887
0.0019455252918287938	1.0	0.5009727626459144	-0.9999999900585947
1.0	0.0	0.5	inf
1.0	0.0	0.5	inf
1.0	0.0	0.5	inf
1.0	0.0	0.5	inf
1.0	0.0	0.5	inf
1.0	0.0	0.5	inf
0.0019455252918287938	1.0	0.5009727626459144	-0.9999999528092237
1.0	0.0	0.5	inf
0.0019455252918287938	1.0	0.5009727626459144	-0.9999999632977719
1.0	0.0	0.5	inf
0.0019455252918287938	1.0	0.5009727626459144	-0.9999999351004248
0.0019455252918287938	1.0	0.5009727626459144	-0.9999999398232098
0.0019455252918287938	1.0	0.5009727626459144	-0.9999999065861105
1.0	0.0	0.5	inf
1.0	0.0	0.5	inf
1.0	0.0	0.5	inf
1.0	0.0	0.5	inf
0.18482490272373542	0.8415637860082305	0.513194344365983	-0.9824523105528613
0.14591439688715954	0.8786008230452675	0.5122576099662135	-0.990259264231008
0.005836575875486381	0.9958847736625515	0.500860674769019	-0.9999908061806899
0.04669260700389105	0.9650205761316872	0.5058565915677892	-0.9994094055081791
0.013618677042801557	0.9938271604938271	0.5037229187683143	-0.9999794726270457
0.0038910505836575876	0.9979423868312757	0.5009167187074667	-0.9999971429563411
1.0	0.0	0.5	inf
1.0	0.0	0.5	inf
1.0	0.0	0.5	inf
1.0	0.0	0.5	inf
0.0038910505836575876	0.9979423868312757	0.5009167187074667	-0.9999964112261204
0.14785992217898833	0.8641975308641975	0.5060287265215929	-0.9879971594982377
0.007782101167315175	0.9979423868312757	0.5028622439992955	-0.9999904839357704
1.0	0.012345679012345678	0.5061728395061729	0.7101930941416357
0.14785992217898833	0.8559670781893004	0.5019135001841444	-0.9911059306715561
0.1614785992217899	0.8415637860082305	0.5015211926150102	-0.9890393313250255
0.9980544747081712	0.00205761316872428	0.5000560439384477	0.8066237653724995
0.017509727626459144	1.0	0.5087548638132295	-0.9999745227424083
0.017509727626459144	1.0	0.5087548638132295	-0.9999743755883407
0.9902723735408561	0.0205761316872428	0.5054242526140494	0.623549503652463
1.0	0.00823045267489712	0.5041152263374485	0.7719232958498787
0.007782101167315175	0.9979423868312757	0.5028622439992955	-0.999978318482296
0.013618677042801557	0.9938271604938271	0.5037229187683143	-0.9999783526694844
1.0	0.00411522633744856	0.5020576131687243	0.8002747389827249
0.0019455252918287938	1.0	0.5009727626459144	-0.999996829352446
0.9980544747081712	0.006172839506172839	0.502113657107172	0.7861761644509095
0.0038910505836575876	1.0	0.5019455252918288	-0.9999975233669476
0.058365758754863814	0.9423868312757202	0.500376295015292	-0.9990602652532309
0.06809338521400778	0.934156378600823	0.5011248819074154	-0.9985352023004608
1.0	0.0	0.5	inf
1.0	0.0	0.5	inf
0.005836575875486381	1.0	0.5029182879377432	-0.9999964548083992
0.0622568093385214	0.9403292181069959	0.5012930137227587	-0.9984433923122668
1.0	0.0	0.5	inf
0.007782101167315175	1.0	0.5038910505836576	-0.9999976946367006
0.005836575875486381	1.0	0.5029182879377432	-0.9999977280983917
0.013618677042801557	0.9938271604938271	0.5037229187683143	-0.9999827849877876
1.0	0.0	0.5	inf
0.9377431906614786	0.06584362139917696	0.5017934060303277	-0.036005960131204606
0.9377431906614786	0.06995884773662552	0.5038510191990521	-0.06644194397000136
0.02529182879377432	0.9753086419753086	0.5003002353845415	-0.9997858139139256
1.0	0.0	0.5	inf
1.0	0.0	0.5	inf
0.10116731517509728	0.9300411522633745	0.5156042337192359	-0.9984876543786032
0.8501945525291829	0.17901234567901234	0.5146034491040976	-0.4827438904962441
0.7723735408560312	0.25102880658436216	0.5117011737201966	-0.5980068962535665
0.7490272373540856	0.31069958847736623	0.5298634129157259	-0.690449343268784
0.0019455252918287938	1.0	0.5009727626459144	-0.9999995803798244
0.03696498054474708	0.9753086419753086	0.5061368112600279	-0.9997702133840639
0.8793774319066148	0.16872427983539096	0.5240508558710029	-0.5856773676969215
0.048638132295719845	0.9609053497942387	0.5047717410449792	-0.9995849385344626
0.8910505836575876	0.13991769547325103	0.5154841395654193	-0.49145520734786474
0.13229571984435798	0.9135802469135802	0.5229379833789691	-0.9980548847623903
0.9163424124513618	0.12962962962962962	0.5229860210404957	-0.48602664931628414
0.4046692607003891	0.6728395061728395	0.5387543834366143	-0.984019205387429
0.642023346303502	0.48559670781893005	0.5638100270612161	-0.9012414471007228
0.16536964980544747	0.8621399176954733	0.5137547837504604	-0.9977113944672957
0.19455252918287938	0.8600823045267489	0.5273174168548141	-0.9976644216100135
0.4688715953307393	0.5823045267489712	0.5255880610398552	-0.9584259310060802
0.5058365758754864	0.5699588477366255	0.537897711806056	-0.944167175124225
0.519455252918288	0.5308641975308642	0.5251597252245761	-0.9367804990918578
0.5097276264591439	0.5761316872427984	0.5429296568509712	-0.9495117261881824
0.9007782101167315	0.14609053497942387	0.5234343725480777	-0.3505659274281113
0.9377431906614786	0.08847736625514403	0.5131102784583114	-0.03588625848265359
0.9494163424124513	0.0823045267489712	0.5158604345807113	0.03750026692770647
0.1614785992217899	0.8786008230452675	0.5200397111335288	-0.9970455993096771
0.9241245136186771	0.09465020576131687	0.5093873596899969	-0.1259440640613846
0.9863813229571985	0.03292181069958848	0.5096515668283935	0.25398727942973287
0.953307392996109	0.06378600823045268	0.5085467006132809	-0.0688898025057304
0.9980544747081712	0.01646090534979424	0.5072576900289827	0.6345413356149336
0.9416342412451362	0.08024691358024691	0.5109405774126915	-0.16624373957284266
0.019455252918287938	0.98559670781893	0.502525980368609	-0.999937606981641
0.033073929961089495	0.9753086419753086	0.5041912859681991	-0.9997108737081842
0.9630350194552529	0.047325102880658436	0.5051800611679557	0.10264039036474748
0.9747081712062257	0.030864197530864196	0.5027861843685449	0.3467026954916601
0.5972762645914397	0.49382716049382713	0.5455517125426335	-0.8663269132680652
0.4766536964980545	0.5967078189300411	0.5366807577140478	-0.9393445637095114
0.4688715953307393	0.602880658436214	0.5358761268834766	-0.9417739676242138
0.5058365758754864	0.5576131687242798	0.5317248722998831	-0.929605691114958
0.5058365758754864	0.5596707818930041	0.5327536788842453	-0.9310919346862642
0.7042801556420234	0.4444444444444444	0.5743623000432339	-0.8384128175071677
