111111	111111	111111	111111	111111	111111	111111	111111	111111	111111	111111	111111	111111	111111	111111	Rxx_x	111111	111111	111111	111111	111111	111111	111111	111111	111111	111111	111111	111111	111111	111111	-0.48	10
111111	111111	111111	111111	111111	111111	111111	111111	111111	111111	111111	111111	111111	111111	111111	Ryy_x	111111	111111	111111	111111	111111	111111	111111	111111	111111	111111	111111	111111	111111	111111	0.08000000000000007	10
111111	111111	111111	111111	111111	111111	111111	111111	111111	111111	111111	111111	111111	111111	111111	Ryy_x	111111	111111	111111	111111	111111	111111	111111	111111	111111	111111	111111	111111	111111	111111	-0.31999999999999995	5
111111	111111	111111	111111	111111	111111	111111	111111	111111	111111	111111	111111	111111	111111	111111	Rxx_x	111111	111111	111111	111111	111111	111111	111111	111111	111111	111111	111111	111111	111111	111111	0.10000000000000009	3
111111	111111	111111	111111	111111	111111	111111	111111	111111	111111	111111	111111	111111	111111	111111	Rxx_x	111111	111111	111111	111111	111111	111111	111111	111111	111111	111111	111111	111111	111111	111111	-0.16000000000000003	6
111111	111111	111111	111111	111111	111111	111111	111111	111111	111111	111111	111111	111111	111111	111111	Rxx_x	111111	111111	111111	111111	111111	111111	111111	111111	111111	111111	111111	111111	111111	111111	0.14000000000000012	8
111111	111111	111111	111111	111111	111111	111111	111111	111111	111111	111111	111111	111111	111111	111111	Rxx_x	111111	111111	111111	111111	111111	111111	111111	111111	111111	111111	111111	111111	111111	111111	-0.05999999999999994	10
111111	111111	111111	111111	111111	111111	111111	111111	111111	111111	111111	111111	111111	111111	111111	111111	U3_x	111111	111111	111111	111111	111111	111111	111111	111111	111111	111111	111111	111111	111111	-0.52	8
111111	111111	111111	111111	111111	111111	111111	111111	111111	111111	111111	111111	111111	111111	111111	Ryy_x	111111	111111	111111	111111	111111	111111	111111	111111	111111	111111	111111	111111	111111	111111	-0.28	3
111111	111111	111111	111111	111111	111111	111111	111111	111111	111111	111111	111111	111111	111111	111111	Rxx_x	111111	111111	111111	111111	111111	111111	111111	111111	111111	111111	111111	111111	111111	111111	0.43999999999999995	9
111111	111111	111111	111111	111111	111111	111111	111111	111111	111111	111111	111111	111111	111111	111111	111111	U3_x	111111	111111	111111	111111	111111	111111	111111	111111	111111	111111	111111	111111	111111	0.8	3
111111	111111	111111	111111	111111	111111	111111	111111	111111	111111	111111	111111	111111	111111	111111	Rxx_x	111111	111111	111111	111111	111111	111111	111111	111111	111111	111111	111111	111111	111111	111111	-0.54	0
111111	111111	111111	111111	111111	111111	111111	111111	111111	111111	111111	111111	111111	111111	111111	111111	111111	Ryy_x	111111	111111	111111	111111	111111	111111	111111	111111	111111	111111	111111	111111	-0.38	8
111111	111111	111111	111111	111111	111111	111111	111111	111111	111111	111111	111111	111111	111111	111111	111111	U3_x	111111	111111	111111	111111	111111	111111	111111	111111	111111	111111	111111	111111	111111	-0.33999999999999997	10
111111	111111	111111	111111	111111	111111	111111	111111	111111	111111	111111	111111	111111	111111	111111	Rxx_x	111111	111111	111111	111111	111111	111111	111111	111111	111111	111111	111111	111111	111111	111111	0.8	0
111111	111111	111111	111111	111111	111111	111111	111111	111111	111111	111111	111111	111111	111111	111111	Ryy_x	111111	111111	111111	111111	111111	111111	111111	111111	111111	111111	111111	111111	111111	111111	0.6000000000000001	3
111111	111111	111111	111111	111111	111111	111111	111111	111111	111111	111111	111111	111111	111111	111111	Ryy_x	111111	111111	111111	111111	111111	111111	111111	111111	111111	111111	111111	111111	111111	111111	-0.24	3
111111	111111	111111	111111	111111	111111	111111	111111	111111	111111	111111	111111	111111	111111	111111	Ryy_x	111111	111111	111111	111111	111111	111111	111111	111111	111111	111111	111111	111111	111111	111111	0.24	7
111111	111111	111111	111111	111111	111111	111111	111111	111111	111111	111111	111111	111111	111111	111111	Rxx_x	111111	111111	111111	111111	111111	111111	111111	111111	111111	111111	111111	111111	111111	111111	0.30000000000000004	5
111111	111111	111111	111111	111111	111111	111111	111111	111111	111111	111111	111111	111111	111111	111111	111111	U3_x	111111	111111	111111	111111	111111	111111	111111	111111	111111	111111	111111	111111	111111	0.45999999999999996	3
111111	111111	111111	111111	111111	111111	111111	111111	111111	111111	111111	111111	111111	111111	111111	Ryy_x	111111	111111	111111	111111	111111	111111	111111	111111	111111	111111	111111	111111	111111	111111	0.14000000000000012	10
111111	111111	111111	111111	111111	111111	111111	111111	111111	111111	111111	111111	111111	111111	111111	111111	111111	Ryy_x	111111	111111	111111	111111	111111	111111	111111	111111	111111	111111	111111	111111	0.6400000000000001	3
111111	111111	111111	111111	111111	111111	111111	111111	111111	111111	111111	111111	111111	111111	111111	Ryy_x	111111	111111	111111	111111	111111	111111	111111	111111	111111	111111	111111	111111	111111	111111	-0.19999999999999996	4
111111	111111	111111	111111	111111	111111	111111	111111	111111	111111	111111	111111	111111	111111	111111	111111	111111	111111	U3_x	111111	111111	111111	111111	111111	111111	111111	111111	111111	111111	111111	0.40000000000000013	6
111111	111111	111111	111111	111111	111111	111111	111111	111111	111111	111111	111111	111111	111111	111111	111111	111111	Rxx_x	111111	111111	111111	111111	111111	111111	111111	111111	111111	111111	111111	111111	0.21999999999999997	4
111111	111111	111111	111111	111111	111111	111111	111111	111111	111111	111111	111111	111111	111111	111111	111111	111111	111111	U3_x	111111	111111	111111	111111	111111	111111	111111	111111	111111	111111	111111	-0.7	3
111111	111111	111111	111111	111111	111111	111111	111111	111111	111111	111111	111111	111111	111111	111111	111111	111111	111111	U3_x	111111	111111	111111	111111	111111	111111	111111	111111	111111	111111	111111	0.5	1
111111	111111	111111	111111	111111	111111	111111	111111	111111	111111	111111	111111	111111	111111	111111	111111	111111	Rxx_x	111111	111111	111111	111111	111111	111111	111111	111111	111111	111111	111111	111111	0.040000000000000036	3
111111	111111	111111	111111	111111	111111	111111	111111	111111	111111	111111	111111	111111	111111	111111	Ryy_x	111111	111111	111111	111111	111111	111111	111111	111111	111111	111111	111111	111111	111111	111111	-0.17999999999999994	5
111111	111111	111111	111111	111111	111111	111111	111111	111111	111111	111111	111111	111111	111111	111111	111111	111111	111111	U3_x	111111	111111	111111	111111	111111	111111	111111	111111	111111	111111	111111	-0.28	6
111111	111111	111111	111111	111111	111111	111111	111111	111111	111111	111111	111111	111111	111111	111111	Ryy_x	111111	111111	111111	111111	111111	111111	111111	111111	111111	111111	111111	111111	111111	111111	0.1200000000000001	10
111111	111111	111111	111111	111111	111111	111111	111111	111111	111111	111111	111111	111111	111111	111111	Ryy_x	111111	111111	111111	111111	111111	111111	111111	111111	111111	111111	111111	111111	111111	111111	-0.43999999999999995	8
111111	111111	111111	111111	111111	111111	111111	111111	111111	111111	111111	111111	111111	111111	111111	Ryy_x	111111	111111	111111	111111	111111	111111	111111	111111	111111	111111	111111	111111	111111	111111	0.48	9
111111	111111	111111	111111	111111	111111	111111	111111	111111	111111	111111	111111	111111	111111	111111	Ryy_x	111111	111111	111111	111111	111111	111111	111111	111111	111111	111111	111111	111111	111111	111111	-1.0	8
111111	111111	111111	111111	111111	111111	111111	111111	111111	111111	111111	111111	111111	111111	111111	Ryy_x	111111	111111	111111	111111	111111	111111	111111	111111	111111	111111	111111	111111	111111	111111	-0.6599999999999999	3
111111	111111	111111	111111	111111	111111	111111	111111	111111	111111	111111	111111	111111	111111	111111	Rxx_x	111111	111111	111111	111111	111111	111111	111111	111111	111111	111111	111111	111111	111111	111111	-0.24	10
111111	111111	111111	111111	111111	111111	111111	111111	111111	111111	111111	111111	111111	111111	111111	Ryy_x	111111	111111	111111	111111	111111	111111	111111	111111	111111	111111	111111	111111	111111	111111	-0.31999999999999995	9
111111	111111	111111	111111	111111	111111	111111	111111	111111	111111	111111	111111	111111	111111	111111	Ryy_x	111111	111111	111111	111111	111111	111111	111111	111111	111111	111111	111111	111111	111111	111111	0.28	7
111111	111111	111111	111111	111111	111111	111111	111111	111111	111111	111111	111111	111111	111111	111111	Ryy_x	111111	111111	111111	111111	111111	111111	111111	111111	111111	111111	111111	111111	111111	111111	-0.07999999999999996	5
111111	111111	111111	111111	111111	111111	111111	111111	111111	111111	111111	111111	111111	111111	111111	111111	U3_x	111111	111111	111111	111111	111111	111111	111111	111111	111111	111111	111111	111111	111111	-0.16000000000000003	8
111111	111111	111111	111111	111111	111111	111111	111111	111111	111111	111111	111111	111111	111111	111111	111111	U3_x	111111	111111	111111	111111	111111	111111	111111	111111	111111	111111	111111	111111	111111	0.17999999999999994	10
111111	111111	111111	111111	111111	111111	111111	111111	111111	111111	111111	111111	111111	111111	111111	Ryy_x	111111	111111	111111	111111	111111	111111	111111	111111	111111	111111	111111	111111	111111	111111	0.17999999999999994	10
111111	111111	111111	111111	111111	111111	111111	111111	111111	111111	111111	111111	111111	111111	111111	Ryy_x	111111	111111	111111	111111	111111	111111	111111	111111	111111	111111	111111	111111	111111	111111	-0.21999999999999997	5
111111	111111	111111	111111	111111	111111	111111	111111	111111	111111	111111	111111	111111	111111	111111	Ryy_x	111111	111111	111111	111111	111111	111111	111111	111111	111111	111111	111111	111111	111111	111111	-0.19999999999999996	3
111111	111111	111111	111111	111111	111111	111111	111111	111111	111111	111111	111111	111111	111111	Rxx_x	111111	111111	111111	111111	111111	111111	111111	111111	111111	111111	111111	111111	111111	111111	111111	-0.020000000000000018	9
111111	111111	111111	111111	111111	111111	111111	111111	111111	111111	111111	111111	111111	111111	111111	U3_x	111111	111111	111111	111111	111111	111111	111111	111111	111111	111111	111111	111111	111111	111111	-0.020000000000000018	10
