Acc0	Acc1	AccAver	threshold
0.7507747512640679	0.6921232244973252	0.7214489878806966	0.36320169841849737
0.8070461588647855	0.6098505810736027	0.7084483699691941	0.13700405450842124
0.8078616865111727	0.6187050359712231	0.713283361241198	0.16202382677122373
0.8034578372206818	0.6203652462645268	0.7119115417426043	0.13065496929384168
0.792855977817648	0.6377052204390334	0.7152805991283407	-0.025358690051457633
0.792855977817648	0.6377052204390334	0.7152805991283407	-0.5126793450257289
0.7736095253629098	0.6013650617967164	0.6874872935798131	-0.36532020982775215
0.7832327515902789	0.5550636413945766	0.6691481964924277	-0.286227439407837
0.7548523894960039	0.6201807784541598	0.6875165839750819	-0.23285881900043337
0.7568096558473332	0.6353071389042612	0.6960583973757972	-0.23034121071125324
0.7568096558473332	0.6353071389042612	0.6960583973757972	-0.23034121071125324
0.809818952862502	0.5945397528131341	0.7021793528378181	-0.20903092182284255
0.7802968520632849	0.6364139457664637	0.7083553989148743	-0.21493802435390452
0.799869515576578	0.616675890057185	0.7082727028168816	-0.2055622182326664
0.7798075354754527	0.6373362848182992	0.7085719101468759	-0.60782593092614
0.7891045506442669	0.6275594908688434	0.7083320207565551	-0.6005980203013167
0.7726308921872451	0.6360450101457296	0.7043379511664873	-0.5996983505586735
0.7905725004077638	0.6133554694705774	0.7019639849391706	-0.5962818347925728
0.7915511335834284	0.6177826969193876	0.704666915251408	-0.5989861483569054
0.7713260479530256	0.6415790444567423	0.706452546204884	-0.6074620943122085
0.7739357364214647	0.6371518170079321	0.7055437767146984	-0.6087365030338521
0.7517533844397325	0.6720162331673123	0.7118848088035223	-0.8627682351372092
0.8424400587179905	0.5978601733997417	0.7201501160588661	-0.7088023803458199
0.8429293753058229	0.5973067699686405	0.7201180726372317	-0.7084681501716124
0.7155439569401403	0.7312304002951485	0.7233871786176445	-0.7572938664567603
0.6856956450823682	0.7474635676074525	0.7165796063449104	-0.7576642298630225
0.7382156255097048	0.7092787308614646	0.7237471781855846	-0.684644911979964
0.8334692546077312	0.4495480538646006	0.6415086542361659	-0.5948591826079528
0.812754852389496	0.46522781774580335	0.6389913350676497	-0.5918240321363035
0.8134072745066058	0.46116952591772736	0.6372884002121666	-0.5897961645996521
0.08090034252161148	0.9603394207710755	0.5206198816463434	-0.7421300994085265
0.8522263904746371	0.3117505995203837	0.5819884949975104	-0.37680981177390005
0.8468439080084815	0.3152554879173584	0.5810496979629199	-0.3792855457324623
0.847007013537759	0.31507102010699134	0.5810390168223751	-0.37910338774553776
0.9911923014190182	0.012174875484228001	0.5016835884516231	-0.07321359445608089
0.9998368944707225	0.00018446781036709093	0.5000106811405448	-0.49163568446074146
0.9998368944707225	0.0005534034311012728	0.5001951489509119	-0.4637000406385836
1.0	0.00036893562073418186	0.5001844678103671	-0.4365968452589962
1.0	0.0	0.5	inf
0.9946175175338444	0.00793211584578491	0.5012748166898147	-0.44850110840411483
0.4889903767737726	0.6056078214351596	0.5472990991044661	-0.5583200316530863
0.4811613113684554	0.60431654676259	0.5427389290655227	-0.557496275218625
0.5408579350839994	0.5668695812580705	0.553863758171035	-0.5388012655036303
0.5875061164573478	0.5283158088913484	0.5579109626743481	-0.5323525649565155
0.563203392595009	0.5495296070835639	0.5563664998392864	-0.5337926187398774
0.5599412820094601	0.533480907581627	0.5467110947955436	-0.5305016410090129
0.5641820257706737	0.5196458218040951	0.5419139237873845	-0.5265951972734855
0.5658130810634481	0.5185390149418926	0.5421760480026703	-0.5265185932586742
0.5658130810634481	0.5198302896144623	0.5428216853389551	-0.5266684219082599
0.5726635132931006	0.5484228002213614	0.560543156757231	-0.5330479854486763
0.6442668406458979	0.4993543626637152	0.5718106016548066	-0.5280061801433126
0.15168814222802152	0.9180962921970116	0.5348922172125166	-0.7459272514827748
0.1500570869352471	0.9203099059214167	0.535183496428332	-0.7466163318904588
0.14940466481813733	0.9156982106622394	0.5325514377401884	-0.7442248651835587
0.14973087587669223	0.9155137428518724	0.5326223093642823	-0.7441091260283962
0.09101288533681291	0.9437373178380373	0.5173751015874251	-0.7386720389606867
0.08546729734137987	0.9516694336838222	0.518568365512601	-0.7468506445273351
0.05806556842276953	0.9651355838406198	0.5116005761316946	-0.7474713011115284
0.09623226227369108	0.9470577384246449	0.5216450003491679	-0.7039072546352528
0.1032458000326211	0.9402324294410626	0.5217391147368419	-0.6989085244626451
0.09867884521285271	0.9394945581995942	0.5190867017062234	-0.7024800116735728
0.09721089544935574	0.9437373178380373	0.5204741066436965	-0.6973811844983426
0.0981895286250204	0.941154768492898	0.5196721485589593	-0.6958591361676636
0.1569075191648997	0.9337760560782143	0.545341787621557	-0.650989726801712
0.17060838362420486	0.9247371333702269	0.5476727584972159	-0.636979491487839
0.1722394389169793	0.9201254381110496	0.5461824385140145	-0.6329642448086914
0.9647692056760724	0.0448256779192031	0.5047974417976377	-0.6228426664552571
0.9670526830859566	0.04187419295332964	0.5044634380196431	-0.6204650154607861
0.966074049910292	0.04298099981553219	0.5045275248629121	-0.6209091793857979
0.5375958244984504	0.574063825862387	0.5558298251804188	-0.7040206963693129
0.5082368292285109	0.6048699501936912	0.556553389711101	-0.4851211912441199
0.5738052519980428	0.5858697657258808	0.5798375088619618	-0.39774384538135565
0.5635296036535639	0.596199963106438	0.5798647833800009	-0.3998723819103227
0.520469743924319	0.6216565209370964	0.5710631324307077	-0.4053908066437655
0.49062143206654707	0.6504334993543627	0.5705274657104549	-0.7222648029255003
0.763007665959876	0.28555617044825676	0.5242819182040663	-0.7440041725194337
0.7571358669058881	0.4338682899833979	0.595502078444643	-0.6873393062101968
0.7104876855325396	0.452315071020107	0.5814013782763233	-0.6885166725883445
0.5959876039797749	0.6137244050913115	0.6048560045355432	-0.6878707244266088
0.6034904583265372	0.6091127098321343	0.6063015840793358	-0.6858037664900458
0.6015331919752079	0.6124331304187419	0.6069831611969749	-0.6866654188745944
0.594193443157723	0.6327245895591219	0.6134590163584225	-0.6849891098823767
0.5790246289349209	0.6522781774580336	0.6156514031964773	-0.69035631022785
0.6108302071440221	0.6183361003504888	0.6145831537472555	-0.6811462573353799
0.600065242211711	0.6246080059029699	0.6123366240573405	-0.6818788789201314
0.5186755831022671	0.6902785463936543	0.6044770647479607	-0.6983324264222674
0.5165552112216604	0.6945213060320974	0.6055382586268789	-0.6986815258504595
0.5173707388680476	0.6932300313595278	0.6053003851137877	-0.6983573805700632
0.5172076333387702	0.7015310828260468	0.6093693580824084	-0.700738475771813
0.5436307290817158	0.6622394392178564	0.6029350841497861	-0.6817216985687689
0.7044527809492742	0.53329643977126	0.6188746103602671	-0.6035618718098945
0.7626814549013211	0.4733444014019554	0.6180129281516382	-0.5921978114078872
0.22606426357853532	0.8699501936912009	0.5480072286348681	-0.8786973915864965
0.07160332735279726	0.9326692492160118	0.5021362882844045	-0.8978528475355123
0.020061980101125428	0.9852425751706327	0.502652277635879	-0.8315497742612181
0.03245800032621106	0.9732521674967718	0.5028550839114915	-0.7805818221541202
0.03196868373837873	0.9728832318760376	0.5024259578072082	-0.7791057056720112
0.03311042244332083	0.9717764250138351	0.502443423728578	-0.7742578637274068
0.03311042244332083	0.9684560044272275	0.5007832134352741	-0.7567736125825955
0.039308432555863644	0.9647666482198857	0.5020375403878746	-0.7452942851741355
0.033436633501875715	0.96956281128943	0.5014997223956529	-0.7497887803320786
0.000978633175664655	0.9994465965688988	0.5002126148722817	-0.9890364819604595
0.35198173218072093	0.7945028592510607	0.5732422957158908	-0.8893529934701329
0.3554069482955472	0.7893377605607822	0.5723723544281647	-0.8888114025411455
0.3131626162126896	0.8199594170817193	0.5665610166472044	-0.8827886044976752
0.35426520959060515	0.7852794687327062	0.5697723391616556	-0.8673839687833355
0.1343989561246126	0.8668142409149603	0.5006065985197865	-0.5993660946234116
0.13390963953678028	0.8677365799667958	0.500823109751788	-0.6006969353258127
0.16604142880443648	0.8454159749123777	0.5057287018584071	-0.5833404255035851
0.0004893165878323275	1.0	0.5002446582939162	-0.9942079997853015
1.0	0.0	0.5	inf
1.0	0.0	0.5	inf
1.0	0.0	0.5	inf
1.0	0.0	0.5	inf
1.0	0.0	0.5	inf
0.00016310552927744252	1.0	0.5000815527646387	-0.9983376224262808
1.0	0.0	0.5	inf
1.0	0.0	0.5	inf
0.5237318545098679	0.5716657443276149	0.5476987994187414	-0.6183996259332405
0.5230794323927581	0.5733259546209186	0.5482026935068384	-0.6187601613648759
0.6398629913554069	0.45950931562442354	0.5496861534899152	-0.5819281600505538
0.5000815527646387	0.5812580704667035	0.5406698116156712	-0.6163137556094551
1.0	0.0	0.5	inf
1.0	0.0	0.5	inf
0.7426194748001957	0.42335362479247374	0.5829865497963347	-0.024653793917939204
0.7463709019735769	0.4244604316546763	0.5854156668141266	-0.02590114667921939
0.7367476757462078	0.44493635860542335	0.5908420171758155	-0.05261537624585
0.7152177458815854	0.4783250322818668	0.5967713890817261	-0.072817799809343
0.6830859566139292	0.5751706327245896	0.6291282946692593	-0.15505011757543763
0.6850432229652585	0.5591219332226527	0.6220825780939556	-0.12013895896613724
0.6874898059044202	0.5559859804464121	0.6217378931754162	-0.11642082832289746
0.7181536454085794	0.5301604869950194	0.6241570662017994	-0.08362669179615567
0.7238623389332899	0.543626637151817	0.6337444880425535	-0.1314305998346862
0.6780296852063284	0.5921416712783619	0.6350856782423452	-0.15471153176194852
0.6777034741477737	0.5947242206235012	0.6362138473856374	-0.15897757062247297
0.6685695645082368	0.6070835639180963	0.6378265642131665	-0.17179118468321153
0.6726472027401729	0.606345692676628	0.6394964477084004	-0.17561858846095668
0.6736258359158376	0.6059767570558937	0.6398012964858657	-0.17399664810162563
0.9779807535475452	0.023980815347721823	0.5009807844476335	-0.06731004387105355
0.9753710650791062	0.02730123593432946	0.5013361505067179	-0.07351117179160327
0.7586038166693851	0.5150341265449179	0.6368189716071515	-0.06178492370991273
0.7847007013537759	0.6393654307323372	0.7120330660430565	-0.18950317836980857
0.7742619474800195	0.6415790444567423	0.7079204959683809	-0.18346536417045123
0.7925297667590931	0.6251614093340712	0.7088455880465822	-0.16162516499345858
0.7856793345294405	0.6277439586792105	0.7067116466043255	-0.1541553402694611
0.7869841787636601	0.6279284264895776	0.7074563026266188	-0.15452036795068746
0.7747512640678519	0.628666297731046	0.7017087808994489	-0.147971013686088
0.7507747512640679	0.6436081903707803	0.697191470817424	-0.13993795030269807
0.7633338770184309	0.6255303449548054	0.6944321109866182	-0.09312396165262715
0.7724677866579677	0.6185205681608559	0.6954941774094118	-0.10080799145079544
