Acc0	Acc1	AccAver	threshold
1.0	0.0	0.5	inf
1.0	0.0	0.5	inf
0.0011417387049420975	0.9996310643792659	0.500386401542104	-0.4503033618391997
0.0011417387049420975	0.9996310643792659	0.500386401542104	-0.5473094375312861
0.5353123470885663	0.6087437742114001	0.5720280606499832	-0.19548828313778077
0.7778502691241234	0.4552665559859804	0.6165584125550518	-0.012574888140911011
0.720600228347741	0.5159564655967533	0.6182783469722472	-0.0480228992202828
0.6259990213668243	0.6803172846338313	0.6531581530003279	-0.17252941317535875
0.5927254933942261	0.7042980999815532	0.6485117966878897	-0.19160987560365783
0.6892839667264721	0.6528315808891348	0.6710577738078034	-0.21716421115824247
0.00016310552927744252	1.0	0.5000815527646387	-0.8202172353014197
0.9623226227369108	0.1363217118612802	0.5493221672990956	0.2625895486561285
0.9525362909802643	0.14425382770706513	0.5483950593436647	0.2229959203143026
0.9458489642798891	0.1693414499169895	0.5575952070984392	0.14894173148304524
0.9109443810145164	0.2724589559121933	0.5917016684633548	-0.5560294374320001
0.9114336976023487	0.2687695997048515	0.5901016486536002	-0.5550972952281901
0.9044201598434187	0.37631433314886553	0.6403672464961421	-0.6358424450662328
0.8869678682107324	0.41449916989485336	0.6507335190527929	-0.8682635521934944
0.8868047626814549	0.4170817192399926	0.6519432409607238	-0.8676382932206889
0.9088240091339096	0.3866445305294226	0.6477342698316662	-0.6566696852937071
0.8961017778502691	0.20180778454159748	0.5489547811959333	-0.8681906693112458
0.9173054966563366	0.23298284449363585	0.5751441705749862	-0.5576210446027395
0.9199151851247758	0.22671093894115477	0.5733130620329653	-0.5553578344908846
0.8947969336160496	0.2517985611510791	0.5732977473835643	-0.5638135036188365
0.9389985320502365	0.19295332964397713	0.5659759308471068	-0.37049406203846635
0.6856956450823682	0.5921416712783619	0.6389186581803651	-0.47469449987055734
0.6860218561409231	0.5921416712783619	0.6390817637096425	-0.4745568078560648
0.6861849616702006	0.5912193322265265	0.6387021469483636	-0.47327126977662004
0.6819442179089871	0.592326139088729	0.637135178498858	-0.46420295522226307
0.4578372206817811	0.7542888765910348	0.606063048636408	-0.4159526515145111
0.46175175338443974	0.7507839881940601	0.6062678707892499	-0.40891299431685446
0.793182188876203	0.4364508393285372	0.61481651410237	-0.21263526302658897
0.7920404501712608	0.4371887105700055	0.6146145803706331	-0.213102729333857
0.7250040776382319	0.5019369120088545	0.6134704948235432	-0.26575932854604356
0.9184472353612787	0.19811842833425566	0.5582828318477672	-0.2027352653993676
0.9164899690099494	0.19996310643792659	0.5582265377239379	-0.20439581910582671
0.724677866579677	0.5015679763881202	0.6131229214838987	-0.264282844324511
0.8264557168488011	0.4884707618520568	0.6574632393504289	-0.48931512967545154
0.7918773446419833	0.4545286847445121	0.6232030146932477	-0.24406900874987147
0.7918773446419833	0.454344216934145	0.6231107807880641	-0.24406723455268808
0.3449681944217909	0.8384061981184283	0.5916871962701096	-0.48595701076016684
0.3227858424400587	0.8308430178933776	0.5768144301667182	-0.46180745385355426
0.31609851573968356	0.8369304556354916	0.5765144856875876	-0.46517427764833275
0.167346273038656	0.9142224681793027	0.5407843706089794	-0.5432013420363363
0.3315935410210406	0.8592510606899096	0.5954223008554751	-0.7979056961970799
0.3265372696134399	0.8684744512082642	0.5975058604108521	-0.805008988705664
0.3260479530256076	0.8697657258808338	0.5979068394532207	-0.8057751180068883
0.3260479530256076	0.8699501936912009	0.5979990733584042	-0.8059365236270639
0.18936551949111075	0.9182807600073787	0.5538231397492447	-0.8683353622924422
0.19735769042570542	0.9079505626268216	0.5526541265262636	-0.8609260478566481
0.2428641330941119	0.9077660948164545	0.5753151139552832	-0.8229168812859471
0.38117762192138316	0.831765356945213	0.6064714894332981	-0.8814107217936342
0.4023813407274507	0.7791920309905921	0.5907866858590214	-0.8291381729112156
0.456695481976839	0.7541044087806678	0.6053999453787534	-0.749825232551088
0.3968357527320176	0.8118428334255673	0.6043392930787924	-0.778720823442707
0.3919425868536943	0.8186681424091496	0.6053053646314219	-0.7817875461347207
0.39341053661719133	0.8186681424091496	0.6060393395131705	-0.7811621903957491
0.3307780133746534	0.8788046485888212	0.6047913309817373	-0.7087827094163982
0.3686184961670201	0.8544548976203652	0.6115366968936926	-0.6454839358616582
0.36715054640352307	0.854085961999631	0.610618254201577	-0.6385413917242655
0.3151198825640189	0.8826784726065302	0.5988991775852746	-0.6052540958668156
0.3214809982058392	0.874192953329644	0.5978369757677415	-0.5911662101847022
0.3469254607731202	0.8588821250691754	0.6029037929211478	-0.5203244194824838
0.3855814712118741	0.841911086515403	0.6137462788636385	-0.4804055141360325
0.4164084162453107	0.8085224128389596	0.6124654145421352	-0.4244303337482137
0.4248899037677377	0.8087068806493267	0.6167983922085323	-0.41379035815787957
0.4136356222475942	0.8197749492713522	0.6167052857594733	-0.4197832888837518
0.4369597129342685	0.8149787862018077	0.6259692495680381	-0.4149792709083716
0.48474963301255913	0.7869396790260099	0.6358446560192845	-0.38359704772856074
0.4854020551296689	0.7850950009223391	0.635248528026004	-0.3823654948606484
0.5183493720437122	0.7522597306769969	0.6353045513603546	-0.35676487357701314
0.8192790735605937	0.47924737133370227	0.649263222447148	0.3264367235456176
0.8204208122655358	0.48201438848920863	0.6512176003773722	0.08568975706205983
0.8107975860381667	0.5178011437004243	0.6642993648692954	0.03805112418649359
0.8399934757788289	0.48902416528315806	0.6645088205309935	0.06920628747525592
0.8869678682107324	0.4473344401401955	0.667151154175464	0.09105532454289245
0.8916979285597781	0.4504703929164361	0.6710841607381071	0.085676597695721
0.8907192953841135	0.454344216934145	0.6725317561591293	0.0837779631595037
0.8724514761050399	0.48404353440324666	0.6782475052541432	0.04575454027459869
0.8776708530419182	0.4988009592326139	0.688235906137266	0.018801190901535758
0.563203392595009	0.7166574432761483	0.6399304179355787	-0.4851178097947484
0.49828739194258687	0.7432208079690094	0.6207540999557981	-0.4294288844459403
0.4712118740825314	0.7662792842648958	0.6187455791737135	-0.43809018330157656
0.48018267819279076	0.758716104039845	0.6194493911163179	-0.4351632674915511
0.43304518023160987	0.84781405644715	0.64042961833938	-0.791404425445632
0.6724840972108954	0.6128020660394761	0.6426430816251858	-0.889801102127037
0.626977654542489	0.6806862202545656	0.6538319373985273	-0.8841206376851103
0.6788452128527157	0.5980446412101088	0.6384449270314123	-0.872879106310589
0.6806393736747676	0.596199963106438	0.6384196683906027	-0.8726476941880275
0.6595987603979775	0.3563918096292197	0.5079952850135986	-0.7075560395857841
0.1342358505953352	0.9385722191477587	0.536404034871547	-0.828364646779216
0.7285923992823357	0.3870134661501568	0.5578029327162463	-0.5380935053194562
0.18398303702495514	0.9236303265080243	0.5538066817664897	-0.7531589189443425
0.18675583102267168	0.9227079874561889	0.5547319092394303	-0.7508229429132942
0.19344315772304682	0.9227079874561889	0.5580755725896178	-0.7514047109466211
0.19964116783558963	0.9162516140933407	0.5579463909644652	-0.7468644381793285
0.6721578861523405	0.43847998524257514	0.5553189356974578	-0.45798736100493587
0.1861034089055619	0.9247371333702269	0.5554202711378944	-0.7323004269995257
0.6604142880443648	0.45286847445120826	0.5566413812477865	-0.4484564417554412
0.1849616702006198	0.8208817561335547	0.5029217131670872	-0.7922080039272654
0.1834937204371228	0.8230953698579598	0.5032945451475414	-0.7916710963702871
0.18985483607894307	0.8221730308061244	0.5060139334425338	-0.7876612418032294
0.1818626651443484	0.8358236487732891	0.5088431569588188	-0.7999089163080663
0.1800685043222965	0.8360081165836561	0.5080383104529763	-0.7989829752009641
0.7670853041918121	0.638812027301236	0.702948665746524	-0.8655394316995935
0.8000326211058555	0.6419479800774764	0.720990300591666	-0.7959571915089199
0.5837546892839667	0.7784541597491238	0.6811044245165452	-0.771735721738994
0.58864785516229	0.7721822541966427	0.6804150546794663	-0.7684056904927279
0.6729734137987278	0.45508208817561335	0.5640277509871705	-0.5918579242242671
0.6837383787310389	0.4403246633462461	0.5620315210386425	-0.5799109670446503
0.5323764475615723	0.5714812765172478	0.55192886203941	-0.5769382268211487
0.6396998858261295	0.5502674783250323	0.5949836820755809	-0.4494272696343852
0.6486706899363889	0.5344032466334625	0.5915369682849256	-0.4373826852674967
0.6625346599249714	0.5502674783250323	0.6064010691250019	-0.4629694697076562
0.6672647202740173	0.5556170448256779	0.6114408825498476	-0.45678645925406647
0.6778665796770511	0.5447334440140196	0.6113000118455354	-0.4507586430900513
0.6718316750937857	0.5506364139457665	0.6112340445197761	-0.4557507196276407
0.6423095742945686	0.56373362848183	0.6030216013881993	-0.4512465157213609
0.665307453922688	0.5393838775133739	0.6023456657180309	-0.42427722874042917
0.6476920567607242	0.5622578859988931	0.6049749713798087	-0.6869359050085397
0.65242211710977	0.5543257701531082	0.6033739436314391	-0.6821829457541898
0.6662860870983527	0.5380926028408043	0.6021893449695785	-0.6748421489687402
0.7364214646876529	0.5414130234274119	0.6389172440575324	-0.625601639971189
0.7395204697439243	0.5427042980999816	0.6411123839219529	-0.6273469112669368
0.7196215951720764	0.5482383324109943	0.6339299637915353	-0.6264078066942043
0.7848638068830533	0.47703375760929717	0.6309487822461752	-0.3155900209407074
0.7871472842929376	0.4781405644714997	0.6326439243822186	-0.3166968791209799
0.7765454248899037	0.4936358605423354	0.6350906427161196	-0.3338595542283761
0.806883053335508	0.46522781774580335	0.6360554355406557	-0.29559798583124
0.8034578372206818	0.4679948349013097	0.6357263360609957	-0.296224439380123
0.787310389822215	0.48717948717948717	0.6372449385008511	-0.3171268233557355
0.8403196868373838	0.4628297362110312	0.6515747115242074	-0.29474561402943444
0.7418039471538085	0.44585869765725883	0.5938313224055336	-0.8877887226465768
0.7514271733811776	0.44106253458771444	0.596244853984446	-0.883509563589497
0.7232099168161801	0.4646744143147021	0.5939421655654411	-0.9475787250747923
0.6359484586527483	0.5336653753919941	0.5848069170223712	-0.9611399908851586
0.7871472842929376	0.4622763327799299	0.6247118085364337	-0.9447112787416296
0.6741151525036698	0.5938018815716657	0.6339585170376678	-0.9556965958277217
0.506442668406459	0.636782881387198	0.5716127748968285	-0.9530712301998284
0.4769205676072419	0.655229662423907	0.5660751150155745	-0.9561030740085364
0.5372696134398957	0.4984320236118797	0.5178508185258877	-0.9315870156282067
0.5431414124938836	0.5144807231138167	0.5288110678038501	-0.9325893553419812
0.544772467786658	0.5139273196827153	0.5293498937346867	-0.932504064897086
0.5506442668406459	0.5141117874930825	0.5323780271668642	-0.9314674617806075
0.6021856140923177	0.458402508762221	0.5302940614272693	-0.9248638255841999
0.9610177785026912	0.06493266924921601	0.5129752238759536	-0.831681441184411
0.9328005219376937	0.09426305109758347	0.5135317865176385	-0.855095800904403
0.47104876855325395	0.6465596753366537	0.5588042219449538	-0.9715626808953303
0.6374164084162454	0.6939679026009962	0.6656921555086208	-0.9105263138725407
0.6506279562877182	0.7087253274303634	0.6796766418590408	-0.9041941186378147
