Acc0	Acc1	AccAver	threshold
1.0	0.0	0.5	inf
1.0	0.0	0.5	inf
1.0	0.0	0.5	inf
1.0	0.0	0.5	inf
0.5726635132931006	0.6710938941154768	0.6218787037042888	-0.07570135760957397
0.5726635132931006	0.6710938941154768	0.6218787037042888	-0.537850678804787
0.4570216930353939	0.7721822541966427	0.6146019736160183	-0.5607282275058374
0.5327026586201272	0.7496771813318576	0.6411899199759924	-0.39244278184194925
0.669385092154624	0.7550267478325032	0.7122059199935636	-0.38044581647704123
0.6845539063774262	0.7450654860726803	0.7148096962250532	-0.37881932071147095
0.6835752732017616	0.7775318206972883	0.730553546949525	-0.3905216731647613
0.6962975044854021	0.7633277992990223	0.7298126518922121	-0.38472214997208376
0.6953188713097374	0.5960154952960708	0.6456671833029041	-0.08562302616000761
0.7016799869515576	0.6332779929902232	0.6674789899708904	-0.13127255374372815
0.7137497961180884	0.6631617782696919	0.6884557871938901	0.05137883005403232
0.7584407111401077	0.679394945581996	0.7189178283610518	-0.02181504381945476
0.7494699070298483	0.7221914775871611	0.7358306923085047	-0.2866907328930032
0.7584407111401077	0.679579413392363	0.7190100622662354	-0.22647569730712402
0.7584407111401077	0.683637705220439	0.7210392081802733	-0.22033621374038015
0.7864948621758278	0.7173953145176166	0.7519450883467222	-0.5888204213644344
0.7860055455879954	0.7177642501383509	0.7518848978631731	-0.5890963707828574
0.7711629424237482	0.7142593617413762	0.7427111520825622	-0.5540859004538189
0.7894307617028217	0.7432208079690094	0.7663257848359155	-0.5509561858213576
0.6405154134725167	0.7922892455266556	0.7164023294995862	-0.7621029254343659
0.14434839341053662	0.9016786570743405	0.5230135252424386	-0.8758417797155055
0.1396183330614908	0.9013097214536063	0.5204640272575486	-0.8760385028383408
0.11058554885010602	0.9123777900756318	0.5114816694628689	-0.8689915436544358
0.09003425216114826	0.9321158457849106	0.5110750489730295	-0.85096058047079
0.3102267166856956	0.8157166574432761	0.5629716870644859	-0.7990790771033778
0.18447235361278747	0.8852610219516694	0.5348666877822285	-0.7835799620907533
0.11727287555048116	0.9299022320605055	0.5235875538054933	-0.8050230252703441
0.05268308595661393	0.9503781590112526	0.5015306224839332	-0.8154341066973997
0.11727287555048116	0.9299022320605055	0.5235875538054933	-0.8050230252703441
0.6220844886641658	0.7627743958679211	0.6924294422660434	-0.5965574847091084
0.7204371228184635	0.7655414130234274	0.7429892679209454	-0.5391109216945059
0.8406458978959387	0.7256963659841358	0.7831711319400372	-0.5102455204754937
0.8320013048442342	0.7207157351042243	0.7763585199742292	-0.1722851599756815
0.7745881585385744	0.7426674045379081	0.7586277815382413	-0.5043151325546407
0.789920078290654	0.7369489024165283	0.7634344903535912	-0.4775878037483663
0.6610667101614744	0.7786386275594909	0.7198526688604827	-0.8257532672975796
0.6923829717827434	0.7430363401586423	0.7177096559706928	-0.6711690966280262
0.7541999673788942	0.7369489024165283	0.7455744348977112	-0.5916376014083422
0.7951394552275323	0.7459878251245158	0.7705636401760241	-0.2588207921742368
0.7915511335834284	0.7552112156428703	0.7733811746131494	-0.2603132908272052
0.7199478062306313	0.7697841726618705	0.7448659894462508	-0.6260986462741096
0.7279399771652258	0.7635122671093895	0.7457261221373077	-0.6229912889444421
0.6163757951394552	0.8048330566316177	0.7106044258855364	-0.6271943369672235
0.6548687000489316	0.7965320051650987	0.7257003526070152	-0.49551154691966715
0.5847333224596314	0.8498432023611879	0.7172882624104097	-0.4870483422556844
0.6357853531234708	0.8070466703560228	0.7214160117397468	-0.4640259963103638
0.6349698254770837	0.8087068806493267	0.7218383530632052	-0.46468154732628864
0.6475289512314467	0.7922892455266556	0.7199090983790511	-0.44902163458103095
0.6230631218398304	0.823648773289061	0.7233559475644458	-0.4662772190597403
0.5904420159843419	0.8284449363586054	0.7094434761714736	-0.4575872948037185
0.5871799053987931	0.8275225973067699	0.7073512513527815	-0.45498360170824226
0.5870167998695156	0.829736211031175	0.7083765054503453	-0.4559784519438438
0.6816180068504323	0.762589928057554	0.7221039674539931	-0.5521685754373594
0.6825966400260969	0.7655414130234274	0.7240690265247621	-0.5528874244333886
0.7082042081226554	0.7332595462091865	0.720731877165921	-0.5415911380681114
0.75191648996901	0.7140748939310091	0.7329956919500096	-0.5372273520220441
0.7139129016473659	0.7576092971776425	0.7357610994125041	-0.5412140001819181
0.7090197357690425	0.7612986533849844	0.7351591945770135	-0.5246013616060703
0.7413146305659762	0.7445120826415791	0.7429133566037777	-0.21437353630721734
0.7233730223454575	0.7526286662977311	0.7380008443215943	-0.2274158947359337
0.7493068015005708	0.7583471684191109	0.7538269849598409	-0.2069564464889675
0.747512640678519	0.717948717948718	0.7327306793136185	-0.530703231217531
0.7494699070298483	0.7371333702268954	0.7433016386283718	-0.529426151627877
0.7814385907682271	0.7242206235011991	0.7528296071347131	-0.4435138539660439
0.8005219376936878	0.6886183361003505	0.7445701368970192	-0.4002659574913494
0.8008481487522427	0.6889872717210846	0.7449177102366638	-0.4019023106365902
0.7882890229978796	0.728278915329275	0.7582839691635773	-0.42472361280782
0.7969336160495841	0.7904445674229846	0.7936890917362844	-0.1515328372473569
0.7959549828739194	0.7921047777162885	0.794029880295104	-0.15342457051562508
0.8210732343826456	0.7933960523888581	0.8072346433857518	-0.19347282145853884
0.8228673952046974	0.7902600996126176	0.8065637474086575	-0.18971162639535
0.8473332245963138	0.7568714259361742	0.802102325266244	-0.014068901939202405
0.8143859076822705	0.7148127651724774	0.764599336427374	-0.34231151233662016
0.8316750937856794	0.730123593432946	0.7808993436093127	-0.3094726799696609
0.8448866416571522	0.726249769415237	0.7855682055361946	-0.310555529011443
0.8536943402381341	0.7186865891901864	0.7861904647141602	-0.2939340058063141
0.8274343500244659	0.7365799667957942	0.78200715841013	-0.29316637319333605
0.1273854183656826	0.9230769230769231	0.5252311707213029	-0.8171951215468549
0.15625509704778992	0.9133001291274673	0.5347776130876286	-0.80567172614383
0.15625509704778992	0.9140380003689356	0.5351465487083628	-0.8064079984849302
0.7590931332572174	0.685666851134477	0.7223799921958471	-0.3753965168894504
0.987440874245637	0.026932300313595278	0.5071865872796161	-0.2648621121577375
0.9853205023650302	0.02545655783065855	0.5053885300978443	-0.26154311996266166
0.9745555374327189	0.042427596384430916	0.5084915669085749	-0.276857291726457
0.9683575273201761	0.048330566316177825	0.508344046818177	-0.29227110288716096
0.9538411352144838	0.06567054049068438	0.509755837852584	-0.3067207490477879
0.9634643614418529	0.04814609850581074	0.5058052299738318	-0.2664856636530434
0.9639536780296852	0.04740822726434237	0.5056809526470138	-0.2657286928347413
0.2635785353123471	0.8291828076000738	0.5463806714562105	-0.71086614009064
0.2290001631055293	0.8627559490868844	0.5458780560962069	-0.7284083043608828
0.2616212689610178	0.8341634384799852	0.5478923537205015	-0.7128586663498795
0.2772793997716523	0.8066777347352887	0.5419785672534705	-0.693677671160662
0.8946338280867722	0.16233167312304003	0.5284827506049061	-0.7079552182304161
0.22231283640515415	0.8872901678657075	0.5548015021354308	-0.8762528140938889
0.2901647365845702	0.8295517432208079	0.559858239902689	-0.8544489139255476
0.052519980427336486	0.9743589743589743	0.5134394773931554	-0.9092846876595648
0.07633338770184309	0.9629219701162147	0.519627678909029	-0.8983615148154666
0.07617028217256565	0.9638443091680502	0.5200072956703079	-0.8989311623427069
0.25167183167509377	0.8948533480907581	0.573262589882926	-0.8076014523997286
0.05855488501060186	0.9590481460985059	0.5088015155545539	-0.8387880711428136
0.01696297504485402	0.9870872532743037	0.5020251141595788	-0.8674650420270436
0.016473658457021693	0.9883785279468733	0.5024260932019475	-0.8732130236320486
0.10634480508889252	0.9276886183361004	0.5170167117124964	-0.7748644530999325
0.06801500570869352	0.9422615753551006	0.5051382905318971	-0.7835643150774094
0.0774751264067852	0.9420771075447334	0.5097761169757593	-0.7736669277774378
0.1722394389169793	0.8581442538277071	0.5151918463723432	-0.7044489491052626
0.1841461425542326	0.8503966057922893	0.517271374173261	-0.6966084177702632
0.262436796607405	0.8325032281866814	0.5474700123970432	-0.6876466222063014
0.2674930680150057	0.8273381294964028	0.5474155987557043	-0.6850943592381694
0.26618822378078616	0.8271536616860358	0.546670942733411	-0.6848638395743509
0.6124612624367967	0.8066777347352887	0.7095694985860427	-0.6106720921081583
0.7571358669058881	0.7164729754657813	0.7368044211858347	-0.5494723986658302
0.7292448213994455	0.7673860911270983	0.7483154562632719	-0.5566191260114883
0.889414451149894	0.5814425382770706	0.7354284947134824	-0.7567944424858101
0.7664328820747023	0.7546578122117691	0.7605453471432357	-0.8049645680725315
0.8106344805088892	0.7144438295517432	0.7625391550303162	-0.788392584417754
0.8478225411841461	0.6214720531267294	0.7346472971554378	-0.7297283188323043
0.8528788125917469	0.6087437742114001	0.7308112934015736	-0.7046976664339399
0.8623389332898386	0.60431654676259	0.7333277400262143	-0.7001948347856437
0.8773446419833633	0.5987825124515772	0.7380635772174702	-0.6899829308500555
0.8807698580981895	0.5960154952960708	0.7383926766971302	-0.6858508339236791
0.8889251345620617	0.5729570190001845	0.7309410767811231	-0.5934411231931724
0.8866416571521775	0.575908503966058	0.7312750805591177	-0.5950507133105224
0.8903930843255586	0.5722191477587161	0.7313061160421374	-0.5920815636146526
0.5490132115478715	0.7419295332964397	0.6454713724221557	-0.5472763330515072
0.6465503180557821	0.7963475373547316	0.7214489277052569	-0.8202342200367777
0.6074049910291959	0.7648035417819591	0.6861042664055774	-0.7987609912615783
0.8672320991681618	0.7286478509500092	0.7979399750590854	-0.4546764437741788
0.8688631544609362	0.7275410440878067	0.7982020992743715	-0.4526402331319743
0.8975697276137661	0.6924921601180594	0.7950309438659127	-0.409774095377623
0.885336812917958	0.6799483490130972	0.7826425809655275	-0.6127810998826716
0.8672320991681618	0.6764434606161225	0.7718377798921421	-0.5904401780624584
0.8704942097537106	0.6760745249953883	0.7732843673745495	-0.5877369447204817
0.8801174359810797	0.5928795425198303	0.736498489250455	-0.7162878120073521
0.8377099983689447	0.6297731045932484	0.7337415514810965	-0.6576938247517823
0.833795465666286	0.6356760745249954	0.7347357700956407	-0.6612794158845807
0.8755504811613114	0.6131710016602103	0.7443607414107609	-0.6411842824508176
0.8484749633012559	0.6511713705958311	0.7498231669485436	-0.6654445862132548
0.8706573152829881	0.6271905552481092	0.7489239352655486	-0.6479711300410462
0.8386886315446094	0.6275594908688434	0.7331240612067265	-0.8306728741431184
0.8344478877833958	0.6295886367828814	0.7320182622831386	-0.8316395046319212
0.8377099983689447	0.6270060874377421	0.7323580429033434	-0.8306351294633213
0.8824009133909639	0.653200516509869	0.7678007149504165	-0.674923905969062
0.8817484912738541	0.6847445120826415	0.7832465016782478	-0.6842906248435143
0.8863154460936226	0.683637705220439	0.7849765756570308	-0.6852199334861608
0.8804436470396346	0.6959970485150341	0.7882203477773344	-0.6908927369836924
