Acc0	Acc1	AccAver	threshold
1.0	0.0	0.5	inf
0.14785992217898833	0.8847736625514403	0.5163167923652143	-0.04002290738023562
0.2704280155642023	0.7839506172839507	0.5271893164240765	-0.05440370386298432
0.20038910505836577	0.9506172839506173	0.5755031945044915	-0.10280096350984547
0.8599221789883269	0.31069958847736623	0.5853108837328466	0.01477124863033108
0.9221789883268483	0.23868312757201646	0.5804310579494324	0.01526764958908089
0.5214007782101168	0.602880658436214	0.5621407183231654	-0.033606764072032225
0.46108949416342415	0.7139917695473251	0.5875406318553746	-0.06997760731756075
0.8638132295719845	0.41975308641975306	0.6417831579958688	0.022435972287589534
0.8287937743190662	0.43004115226337447	0.6294174632912204	0.016133037565577046
0.39883268482490275	0.7633744855967078	0.5811035852108053	-0.07420948345514011
0.8190661478599222	0.41358024691358025	0.6163231973867512	0.01764556181703103
0.7587548638132295	0.5637860082304527	0.6612704360218411	0.0029047048913635187
0.4396887159533074	0.8868312757201646	0.663259995836736	-0.08180015763317894
0.4785992217898833	0.8539094650205762	0.6662543434052297	-0.002084084589604962
0.585603112840467	0.7551440329218106	0.6703735728811389	0.013288339404920801
0.36964980544747084	0.897119341563786	0.6333845735056285	-0.08195857519535132
0.8793774319066148	0.40329218106995884	0.6413348064882868	0.12523248871238146
0.5233463035019456	0.8950617283950617	0.7092040159485036	0.003366355755311856
0.5953307392996109	0.8395061728395061	0.7174184560695585	-0.011535896200087103
0.5525291828793775	0.8765432098765432	0.7145361963779604	-0.03328935235692776
0.556420233463035	0.8209876543209876	0.6887039438920113	-0.041614544621865646
0.490272373540856	0.9588477366255144	0.7245600550831852	-0.1224923249141846
0.5486381322957199	0.911522633744856	0.730080383020288	-0.06006350100608826
0.642023346303502	0.8271604938271605	0.7345919200653312	0.08381546289893627
0.6770428015564203	0.7962962962962963	0.7366695489263583	0.09930295127681887
0.6595330739299611	0.8106995884773662	0.7351163312036637	0.05666347628587909
0.642023346303502	0.8004115226337448	0.7212174344686234	0.03550131137735013
0.6186770428015564	0.897119341563786	0.7578981921826713	0.027817284964765765
0.7101167315175098	0.8127572016460906	0.7614369665818002	0.09734662590530241
0.6070038910505836	0.9382716049382716	0.7726377479944275	0.009241010327307286
0.6673151750972762	0.9403292181069959	0.803822196602136	0.013080450360397622
0.754863813229572	0.8786008230452675	0.8167323181374198	0.1557647783268059
0.7295719844357976	0.8395061728395061	0.7845390786376518	0.1242539595856389
0.7626459143968871	0.8106995884773662	0.7866727514371267	0.16532921812892143
0.6848249027237354	0.9012345679012346	0.793029735312485	0.0649767715900067
0.7354085603112841	0.8703703703703703	0.8028894653408272	0.1307709969503692
0.745136186770428	0.8847736625514403	0.8149549246609342	0.12845565308143825
0.6673151750972762	0.9362139917695473	0.8017645834334117	0.07315671908160515
0.7334630350194552	0.934156378600823	0.8338097068101391	0.048397973109499226
0.7607003891050583	0.9032921810699589	0.8319962850875087	0.07146978985904906
0.745136186770428	0.934156378600823	0.8396462826856255	0.06105635842694279
0.7723735408560312	0.911522633744856	0.8419480873004436	0.10140293620423413
0.7957198443579766	0.8847736625514403	0.8402467534547085	0.10790984595043951
0.791828793774319	0.9094650205761317	0.8506469071752254	0.0725560982267488
0.791828793774319	0.9012345679012346	0.8465316808377767	0.21856265837737832
0.745136186770428	0.9238683127572016	0.8345022497638148	0.11045550662981651
0.7645914396887159	0.897119341563786	0.830855390626251	0.1316610628149124
0.754863813229572	0.9300411522633745	0.8424524827464732	0.1406646169206669
0.7762645914396887	0.8909465020576132	0.833605546748651	0.13358969306428126
0.7723735408560312	0.9053497942386831	0.8388616675473571	0.22758759167575882
0.7957198443579766	0.8909465020576132	0.8433331732077949	0.22663783254841396
0.7957198443579766	0.9074074074074074	0.851563625882692	0.23905522380773214
0.791828793774319	0.9135802469135802	0.8527045203439496	0.19545338846946803
0.8054474708171206	0.8991769547325102	0.8523122127748155	0.23863931775990577
0.8093385214007782	0.8991769547325102	0.8542577380666443	0.2748254616487036
0.7898832684824902	0.9279835390946503	0.8589334037885703	0.17593035921628153
0.8054474708171206	0.9176954732510288	0.8615714720340748	0.2162824012260145
0.77431906614786	0.9506172839506173	0.8624681750492387	0.15434544276515583
0.7937743190661478	0.9362139917695473	0.8649941554178475	0.19080544899755947
0.8249027237354085	0.9176954732510288	0.8712990984932187	0.22540638139556712
0.811284046692607	0.9218106995884774	0.8665473731405422	0.2502267787346313
0.8073929961089494	0.9259259259259259	0.8666594610174376	0.26503091746340823
0.8093385214007782	0.9279835390946503	0.8686610302477142	0.2066578302091031
0.7937743190661478	0.934156378600823	0.8639653488334854	0.19372971233696745
0.8229571984435797	0.9279835390946503	0.875470368769115	0.22003349329895094
0.8073929961089494	0.9444444444444444	0.8759187202766969	0.17729268580075774
0.8093385214007782	0.9362139917695473	0.8727762565851628	0.23578887713844154
0.8229571984435797	0.9300411522633745	0.8764991753534771	0.18807954149707995
0.8151750972762646	0.9444444444444444	0.8798097708603545	0.20703861276804236
0.8054474708171206	0.948559670781893	0.8770035707995067	0.21034508420738596
0.8287937743190662	0.9218106995884774	0.8753022369537717	0.2861998169752573
0.7937743190661478	0.9609053497942387	0.8773398344301933	0.12398386150791563
0.8190661478599222	0.9588477366255144	0.8889569422427183	0.12878729353141072
0.8073929961089494	0.9609053497942387	0.884149172951594	0.12443490426429338
0.8287937743190662	0.9423868312757202	0.8855903027973933	0.22926343780839864
0.8365758754863813	0.9300411522633745	0.883308513874878	0.27723010948152593
0.8521400778210116	0.9218106995884774	0.8869753887047445	0.3187029147306981
0.8132295719844358	0.9547325102880658	0.8839810411362508	0.15779726707991282
0.8093385214007782	0.9588477366255144	0.8840931290131463	0.1395577437157065
0.8171206225680934	0.9691358024691358	0.8931282125186146	0.1257953449957816
0.8151750972762646	0.9711934156378601	0.8931842564570623	0.13478213548376905
0.8482490272373541	0.9362139917695473	0.8922315095034508	0.2850289104115378
0.8132295719844358	0.9732510288065843	0.8932403003955101	0.12622327155882873
0.8501945525291829	0.934156378600823	0.8921754655650029	0.2865110457863491
0.8151750972762646	0.9670781893004116	0.891126643288338	0.14344908412143642
0.8482490272373541	0.9362139917695473	0.8922315095034508	0.3031443930673485
0.8093385214007782	0.9753086419753086	0.8923235816880435	0.1322108583367383
0.8093385214007782	0.9794238683127572	0.8943811948567677	0.07641133446520221
0.8132295719844358	0.9753086419753086	0.8942691069798723	0.09201259092621261
0.8132295719844358	0.9753086419753086	0.8942691069798723	0.10514212234513365
0.8365758754863813	0.948559670781893	0.8925677731341372	0.21265364978111023
0.8151750972762646	0.9753086419753086	0.8952418696257867	0.09361729489514525
0.8249027237354085	0.9629629629629629	0.8939328433491858	0.140048861922643
0.8210116731517509	0.9711934156378601	0.8961025443948055	0.11526291196118743
0.8190661478599222	0.9691358024691358	0.894100975164529	0.13140444444524624
0.8151750972762646	0.9794238683127572	0.8972994827945109	0.10267916730488036
0.8210116731517509	0.9753086419753086	0.8981601575635298	0.10068526157058577
0.8287937743190662	0.9691358024691358	0.898964788394101	0.14890615176538002
0.8249027237354085	0.9753086419753086	0.9001056828553586	0.09683595221329777
