111111	111111	111111	111111	111111	111111	111111	111111	111111	111111	111111	111111	111111	111111	111111	Rxx_x	111111	111111	111111	111111	111111	111111	111111	111111	111111	111111	111111	111111	111111	111111	-0.52	16
111111	111111	111111	111111	111111	111111	111111	111111	111111	111111	111111	111111	111111	111111	111111	Rxx_x	111111	111111	111111	111111	111111	111111	111111	111111	111111	111111	111111	111111	111111	111111	0.1200000000000001	11
111111	111111	111111	111111	111111	111111	111111	111111	111111	111111	111111	111111	111111	111111	Rxx_x	111111	111111	111111	111111	111111	111111	111111	111111	111111	111111	111111	111111	111111	111111	111111	0.48	11
111111	111111	111111	111111	111111	111111	111111	111111	111111	111111	111111	111111	111111	111111	111111	Rxx_x	111111	111111	111111	111111	111111	111111	111111	111111	111111	111111	111111	111111	111111	111111	0.15999999999999992	5
111111	111111	111111	111111	111111	111111	111111	111111	111111	111111	111111	111111	111111	111111	111111	111111	Ryy_x	111111	111111	111111	111111	111111	111111	111111	111111	111111	111111	111111	111111	111111	-0.6	15
111111	111111	111111	111111	111111	111111	111111	111111	111111	111111	111111	111111	111111	111111	111111	111111	Ryy_x	111111	111111	111111	111111	111111	111111	111111	111111	111111	111111	111111	111111	111111	0.74	7
111111	111111	111111	111111	111111	111111	111111	111111	111111	111111	111111	111111	111111	111111	111111	Rxx_x	111111	111111	111111	111111	111111	111111	111111	111111	111111	111111	111111	111111	111111	111111	1.0	6
111111	111111	111111	111111	111111	111111	111111	111111	111111	111111	111111	111111	111111	111111	111111	Ryy_x	111111	111111	111111	111111	111111	111111	111111	111111	111111	111111	111111	111111	111111	111111	0.6799999999999999	2
111111	111111	111111	111111	111111	111111	111111	111111	111111	111111	111111	111111	111111	111111	111111	Ryy_x	111111	111111	111111	111111	111111	111111	111111	111111	111111	111111	111111	111111	111111	111111	-0.31999999999999995	4
111111	111111	111111	111111	111111	111111	111111	111111	111111	111111	111111	111111	111111	111111	111111	Ryy_x	111111	111111	111111	111111	111111	111111	111111	111111	111111	111111	111111	111111	111111	111111	-0.36	5
111111	111111	111111	111111	111111	111111	111111	111111	111111	111111	111111	111111	111111	111111	111111	Ryy_x	111111	111111	111111	111111	111111	111111	111111	111111	111111	111111	111111	111111	111111	111111	0.56	13
111111	111111	111111	111111	111111	111111	111111	111111	111111	111111	111111	111111	111111	111111	111111	Rxx_x	111111	111111	111111	111111	111111	111111	111111	111111	111111	111111	111111	111111	111111	111111	0.5	5
111111	111111	111111	111111	111111	111111	111111	111111	111111	111111	111111	111111	111111	U2_x	111111	111111	111111	111111	111111	111111	111111	111111	111111	111111	111111	111111	111111	111111	111111	111111	0.06000000000000005	4
111111	111111	111111	111111	111111	111111	111111	111111	111111	111111	111111	111111	111111	111111	111111	Rxx_x	111111	111111	111111	111111	111111	111111	111111	111111	111111	111111	111111	111111	111111	111111	-0.29999999999999993	8
111111	111111	111111	111111	111111	111111	111111	111111	111111	111111	111111	111111	111111	111111	111111	Rxx_x	111111	111111	111111	111111	111111	111111	111111	111111	111111	111111	111111	111111	111111	111111	0.24	7
111111	111111	111111	111111	111111	111111	111111	111111	111111	111111	111111	111111	111111	111111	111111	Rxx_x	111111	111111	111111	111111	111111	111111	111111	111111	111111	111111	111111	111111	111111	111111	-0.16000000000000003	10
111111	111111	111111	111111	111111	111111	111111	111111	111111	111111	111111	111111	111111	111111	U2_x	111111	111111	111111	111111	111111	111111	111111	111111	111111	111111	111111	111111	111111	111111	111111	0.30000000000000004	12
111111	111111	111111	111111	111111	111111	111111	111111	111111	111111	111111	111111	111111	111111	U2_x	111111	111111	111111	111111	111111	111111	111111	111111	111111	111111	111111	111111	111111	111111	111111	-0.33999999999999997	0
111111	111111	111111	111111	111111	111111	111111	111111	111111	111111	111111	111111	111111	Ryy_x	111111	111111	111111	111111	111111	111111	111111	111111	111111	111111	111111	111111	111111	111111	111111	111111	-0.020000000000000018	5
111111	111111	111111	111111	111111	111111	111111	111111	111111	111111	111111	111111	U2_x	111111	111111	111111	111111	111111	111111	111111	111111	111111	111111	111111	111111	111111	111111	111111	111111	111111	-0.07999999999999996	12
111111	111111	111111	111111	111111	111111	111111	111111	111111	111111	111111	111111	111111	111111	111111	Ryy_x	111111	111111	111111	111111	111111	111111	111111	111111	111111	111111	111111	111111	111111	111111	-0.33999999999999997	6
111111	111111	111111	111111	111111	111111	111111	111111	111111	111111	111111	111111	111111	111111	111111	Rxx_x	111111	111111	111111	111111	111111	111111	111111	111111	111111	111111	111111	111111	111111	111111	-0.21999999999999997	10
111111	111111	111111	111111	111111	111111	111111	111111	111111	111111	111111	111111	111111	111111	111111	111111	U3_x	111111	111111	111111	111111	111111	111111	111111	111111	111111	111111	111111	111111	111111	0.41999999999999993	10
111111	111111	111111	111111	111111	111111	111111	111111	111111	111111	111111	111111	111111	111111	Ryy_x	111111	111111	111111	111111	111111	111111	111111	111111	111111	111111	111111	111111	111111	111111	111111	0.52	15
111111	111111	111111	111111	111111	111111	111111	111111	111111	111111	111111	111111	111111	111111	111111	111111	U3_x	111111	111111	111111	111111	111111	111111	111111	111111	111111	111111	111111	111111	111111	-0.45999999999999996	2
111111	111111	111111	111111	111111	111111	111111	111111	111111	111111	111111	111111	111111	111111	111111	U3_x	111111	111111	111111	111111	111111	111111	111111	111111	111111	111111	111111	111111	111111	111111	-0.24	1
111111	111111	111111	111111	111111	111111	111111	111111	111111	111111	111111	111111	111111	111111	U2_x	111111	111111	111111	111111	111111	111111	111111	111111	111111	111111	111111	111111	111111	111111	111111	-0.09999999999999998	1
111111	111111	111111	111111	111111	111111	111111	111111	111111	111111	111111	111111	U2_x	111111	111111	111111	111111	111111	111111	111111	111111	111111	111111	111111	111111	111111	111111	111111	111111	111111	0.06000000000000005	8
111111	111111	111111	111111	111111	111111	111111	111111	111111	111111	111111	111111	111111	111111	Rxx_x	111111	111111	111111	111111	111111	111111	111111	111111	111111	111111	111111	111111	111111	111111	111111	0.28	9
111111	111111	111111	111111	111111	111111	111111	111111	111111	111111	111111	111111	111111	111111	111111	111111	Ryy_x	111111	111111	111111	111111	111111	111111	111111	111111	111111	111111	111111	111111	111111	-0.31999999999999995	12
111111	111111	111111	111111	111111	111111	111111	111111	111111	111111	111111	111111	111111	111111	111111	111111	Rxx_x	111111	111111	111111	111111	111111	111111	111111	111111	111111	111111	111111	111111	111111	-0.26	8
111111	111111	111111	111111	111111	111111	111111	111111	111111	111111	111111	111111	111111	111111	111111	111111	U3_x	111111	111111	111111	111111	111111	111111	111111	111111	111111	111111	111111	111111	111111	0.1200000000000001	8
111111	111111	111111	111111	111111	111111	111111	111111	111111	111111	111111	111111	111111	111111	111111	111111	U3_x	111111	111111	111111	111111	111111	111111	111111	111111	111111	111111	111111	111111	111111	-0.16000000000000003	16
111111	111111	111111	111111	111111	111111	111111	111111	111111	111111	111111	111111	111111	111111	111111	111111	U3_x	111111	111111	111111	111111	111111	111111	111111	111111	111111	111111	111111	111111	111111	0.5	11
