Acc0	Acc1	AccAver	threshold
1.0	0.0	0.5	inf
0.6640026096884685	0.730308061243313	0.6971553354658908	0.07289836692083695
0.6640026096884685	0.730308061243313	0.6971553354658908	0.07289836692083695
0.699233404012396	0.4923445858697657	0.5957889949410808	-0.029386210335098917
0.6209427499592236	0.5807046670356023	0.600823708497413	-0.02582341043079095
0.6209427499592236	0.5807046670356023	0.600823708497413	-0.0634826759439765
0.7307127711629424	0.7695997048515034	0.7501562380072229	-0.24907679034293306
0.7569727613766106	0.750599520383693	0.7537861408801518	-0.11264965997619791
0.7276137661066711	0.7572403615569083	0.7424270638317897	0.048086454619471475
0.8574457674115152	0.742298468917174	0.7998721181643447	0.21481513365109484
0.8553253955309085	0.7057738424644899	0.7805496189976993	0.01722991386562156
0.8471701190670363	0.7767939494558199	0.8119820342614281	-0.1672069779548606
0.8541836568259664	0.7221914775871611	0.7881875672065637	0.030552095308667093
0.8582612950579025	0.7258808337945029	0.7920710644262027	-0.009154087985558168
0.8328168324906214	0.7557646190739716	0.7942907257822965	0.03254145253820928
0.8228673952046974	0.7751337391625162	0.7990005671836068	-0.019777806306350287
0.8274343500244659	0.7614831211953514	0.7944587356099087	-0.005478902015941034
0.8313488827271245	0.7577937649880095	0.794571323857567	-0.014746790122387221
0.8424400587179905	0.7636967349197565	0.8030683968188735	-0.02519255472445303
0.8153645408579351	0.7874930824571112	0.8014288116575232	-0.005273545425649284
0.8351003099005057	0.7814056447149972	0.8082529773077514	-0.04144562649931427
0.8138965910944381	0.7880464858882125	0.8009715384913253	-0.04480863666394497
0.81569075191649	0.7967164729754658	0.8062036124459779	-0.05272793479695703
0.8166693850921546	0.7825124515771997	0.7995909183346772	-0.11849338128257625
0.8125917468602185	0.7933960523888581	0.8029938996245383	-0.13028812744949136
0.8184635459142064	0.7906290352333518	0.8045462905737791	-0.13773282567023715
0.8313488827271245	0.7793764988009593	0.8053626907640419	-0.015559461194909252
0.8018267819279074	0.8103670909426305	0.8060969364352689	-0.06430554636667862
0.8275974555537433	0.7694152370411363	0.7985063462974398	-0.022926123818079347
0.8269450334366335	0.7745803357314148	0.8007626845840241	-0.028338507409852776
0.8103082694503344	0.791182438664453	0.8007453540573937	-0.033238659782209745
0.826781927907356	0.7873086146467442	0.8070452712770502	-0.03246009724324206
0.8235198173218072	0.7928426489577569	0.8081812331397821	0.012549118608858434
0.8274343500244659	0.7885998893193138	0.8080171196718898	-0.033212296350026316
0.7871472842929376	0.8323187603763144	0.809733022334626	-0.024578706903524594
0.8509215462404176	0.7862018077845416	0.8185616770124796	0.09712335107096348
0.8295547219050726	0.7970854085961999	0.8133200652506363	0.10319764253842689
0.8241722394389169	0.8454159749123777	0.8347941071756473	-0.11160256439431271
0.8091665307453922	0.8634938203283528	0.8363301755368725	-0.057655105084259195
0.8080247920404502	0.8570374469655045	0.8325311195029774	-0.06120995441306376
0.8109606915674441	0.8612802066039477	0.8361204490856959	-0.057140582124285744
0.806883053335508	0.8647850950009224	0.8358340741682152	-0.075723811494807
0.8078616865111727	0.8638627559490869	0.8358622212301299	-0.08995639278947609
0.8186266514434839	0.8503966057922893	0.8345116286178866	-0.07862611589910329
0.8026423095742946	0.8686589190186312	0.8356506142964629	-0.0482389349576986
0.8280867721415756	0.8441247002398081	0.8361057361906918	-0.06566478230018047
0.8293916163757952	0.8396974727909979	0.8345445445833966	-0.07275147907972013
0.8032947316914043	0.8699501936912009	0.8366224626913026	-0.09471853614024284
0.8086772141575599	0.8629404168972514	0.8358088155274057	-0.06177940858937714
0.8298809329636274	0.8470761852056816	0.8384785590846545	-0.07011754543075355
0.8205839177948132	0.8557461722929349	0.838165045043874	-0.05956380375218795
0.826781927907356	0.8498432023611879	0.838312565134272	-0.06578991951180668
0.8303702495514598	0.8481829920678842	0.839276620809672	-0.016564032415576135
0.8329799380198989	0.8454159749123777	0.8391979564661383	-0.025849697325704635
0.8375468928396672	0.8408042796532005	0.8391755862464338	-0.04135225790608266
0.8230305007339749	0.854085961999631	0.838558231366803	-0.03450657487499742
0.8275974555537433	0.8542704298099981	0.8409339426818707	-0.07122026920671853
0.8174849127385418	0.864047223759454	0.8407660682489979	-0.055302296904379156
0.8165062795628771	0.8605423353624793	0.8385243074626783	-0.06641002356028247
0.8194421790898712	0.8586976572588083	0.8390699181743397	-0.07445140801822492
0.8202577067362583	0.8581442538277071	0.8392009802819826	-0.058560023364309544
0.8302071440221823	0.8468917173953145	0.8385494307087484	-0.05748444321825419
0.8300440384929049	0.8671831765356945	0.8486136075142997	0.014345046888648127
0.8377099983689447	0.8692123224497326	0.8534611604093386	-0.08204536309746735
0.826781927907356	0.8692123224497326	0.8479971251785443	-0.1510952657727569
0.837057576251835	0.854085961999631	0.845571769125733	-0.05050444286383038
0.8334692546077312	0.8607268031728463	0.8470980288902887	-0.04439245597526831
0.8308595661392921	0.864047223759454	0.847453394949373	-0.06530184234890957
0.8114500081552765	0.884523150710201	0.8479865794327388	-0.04529634649281111
0.8070461588647855	0.8911639918834163	0.849105075374101	-0.08520814438229052
0.8060675256891209	0.892455266555986	0.8492613961225535	-0.0974183517362136
0.8047626814549014	0.8941154768492898	0.8494390791520956	-0.09590414578025841
0.8169955961507095	0.882309536985796	0.8496525665682527	-0.04560695072648302
0.8178111237970968	0.8832318760376314	0.850521499917364	-0.01982478879602656
0.8076985809818953	0.894484412470024	0.8510914967259596	-0.08702861984122023
0.8137334855651607	0.88839697472791	0.8510652301465353	-0.06692870469503776
0.8138965910944381	0.8893193137797454	0.8516079524370918	-0.08501773506670951
0.8138965910944381	0.8891348459693783	0.8515157185319082	-0.06980212509875916
0.825640189202414	0.8930086699870873	0.8593244295947506	-0.007081265183442098
0.8285760887294079	0.8893193137797454	0.8589477012545766	-0.05370418750014594
0.837057576251835	0.8836008116583656	0.8603291939551003	-0.07242059969982961
0.8483118577719785	0.8754842280022136	0.861898042887096	-0.0026367333593451114
0.8373837873103899	0.8819406013650618	0.8596621943377258	-0.14147440715328663
0.8150383297993802	0.902600996126176	0.858819662962778	-0.10875368700921584
0.8492904909476431	0.8557461722929349	0.852518331620289	-0.09604551062807287
0.8507584407111402	0.8535325585685298	0.852145499639835	-0.1037812154169796
0.8238460283803621	0.882494004796163	0.8531700165882625	-0.08924063619483558
0.8324906214320665	0.8747463567607453	0.8536184890964059	-0.0901434345966341
0.8473332245963138	0.864047223759454	0.8556902241778839	-0.05014769553460119
0.8478225411841461	0.864231691569821	0.8560271163769836	-0.05732882318595667
0.8471701190670363	0.8649695628112894	0.8560698409391629	-0.04338137990356983
0.8597292448213995	0.8548238332410995	0.8572765390312495	0.006142372444199573
