Acc0	Acc1	AccAver	threshold
1.0	0.0	0.5	inf
0.4377431906614786	0.6234567901234568	0.5305999903924676	-0.511379504153866
0.45525291828793774	0.6172839506172839	0.5362684344526109	-0.4887055052532777
0.42996108949416345	0.6851851851851852	0.5575731373396744	-0.28286856369238367
0.18482490272373542	0.8991769547325102	0.5420009287281229	-0.8161987440215919
0.22762645914396887	0.948559670781893	0.5880930649629309	-0.6147827085713208
0.2237354085603113	0.9711934156378601	0.5974644120990857	-0.6680122821857409
0.4396887159533074	0.8539094650205762	0.6467990904869418	-0.41121896849879114
0.39105058365758755	0.8539094650205762	0.6224800243390819	-0.1634979960455083
0.9066147859922179	0.20781893004115226	0.5572168580166851	0.06877754760307209
0.3521400778210117	0.6954732510288066	0.5238066644249092	-0.08047818889291625
0.5233463035019456	0.5246913580246914	0.5240188307633185	-0.16123369453702163
0.8501945525291829	0.2551440329218107	0.5526692927254968	-0.20132241588160882
0.8287937743190662	0.2654320987654321	0.5471129365422491	-0.13080538089073102
0.8735408560311284	0.20987654320987653	0.5417086996205025	-0.121976503877961
0.3521400778210117	0.6748971193415638	0.5135185985812878	-0.834179005229975
0.6050583657587548	0.4176954732510288	0.5113769195048918	-0.5063486629466623
0.12062256809338522	0.9156378600823045	0.5181302140878449	-0.8480761815822765
0.19066147859922178	0.845679012345679	0.5181702454724504	-0.9542264864470212
1.0	0.0	0.5	inf
0.953307392996109	0.06995884773662552	0.5116331203663672	-0.44856425730365623
0.8891050583657587	0.1419753086419753	0.515540183503867	-0.6866764065879065
0.9941634241245136	0.006172839506172839	0.5001681318153433	-0.6404603814220449
0.9941634241245136	0.006172839506172839	0.5001681318153433	-0.6440312622166011
0.9961089494163424	0.00823045267489712	0.5021697010456198	-0.7775551509271941
0.8813229571984436	0.13991769547325103	0.5106203263358473	-0.9780577376575134
0.9961089494163424	0.006172839506172839	0.5011408944612576	-0.728472899497841
0.9941634241245136	0.006172839506172839	0.5001681318153433	-0.749629703161435
0.9922178988326849	0.00823045267489712	0.500224175753791	-0.8575024338181951
0.9961089494163424	0.01440329218106996	0.5052561207987062	-0.8330445657058
0.32879377431906615	0.7469135802469136	0.5378536772829898	-0.9996103244238055
0.48638132295719844	0.5802469135802469	0.5333141182687227	-0.9958331472172368
0.14202334630350194	0.8827160493827161	0.512369697843109	-0.9999895428212099
0.8249027237354085	0.20987654320987653	0.5173896334726426	-0.9739282313918847
0.7957198443579766	0.2654320987654321	0.5305759715617043	-0.9629653099751851
0.980544747081712	0.053497942386831275	0.5170213447342716	-0.8340401285797618
0.8404669260700389	0.24691358024691357	0.5436902531584762	-0.9588940016725669
0.17315175097276264	0.9074074074074074	0.5402795791900851	-0.9999886663117709
0.23346303501945526	0.7901234567901234	0.5117932459047894	-0.9996403477521865
0.23735408560311283	0.7962962962962963	0.5168251909497046	-0.999538433706346
1.0	0.0	0.5	inf
0.06809338521400778	0.9403292181069959	0.5042113016605019	-0.9999637118861727
0.2237354085603113	0.808641975308642	0.5161886919344767	-0.9996167736636167
0.17704280155642024	0.8353909465020576	0.5062168740292389	-0.9995183711023098
0.5836575875486382	0.48559670781893005	0.534627147683784	-0.9863791903148063
0.867704280155642	0.18724279835390947	0.5274735392547758	-0.8893923360553737
0.5914396887159533	0.4773662551440329	0.5344029719299931	-0.9865032097865011
0.6011673151750972	0.4567901234567901	0.5289787193159436	-0.9863555536448196
0.5583657587548638	0.4876543209876543	0.523010039871259	-0.9809326782642996
0.0019455252918287938	1.0	0.5009727626459144	-0.9999999994394209
0.2821011673151751	0.7345679012345679	0.5083345342748715	-0.9980886140683741
0.029182879377431907	0.9814814814814815	0.5053321804294567	-0.9999971612546451
0.7178988326848249	0.360082304526749	0.538990568605787	-0.8599835689794976
0.7645914396887159	0.30246913580246915	0.5335302877455925	-0.8853841532077377
0.6848249027237354	0.35185185185185186	0.5183383772877936	-0.858290265415161
0.6809338521400778	0.34156378600823045	0.5112488190741542	-0.8312692376666968
0.6361867704280155	0.38271604938271603	0.5094514099053657	-0.8717595016397668
0.8190661478599222	0.22633744855967078	0.5227017982097965	-0.7077384759145608
0.8560311284046692	0.16049382716049382	0.5082624777825815	-0.7547301879160255
0.009727626459143969	0.9917695473251029	0.5007485868921234	-0.9999998676600498
1.0	0.0	0.5	inf
0.6867704280155642	0.34156378600823045	0.5141671070118974	-0.9326485724247505
0.023346303501945526	0.98559670781893	0.5044715056604377	-0.9999988240295568
0.08754863813229571	0.9279835390946503	0.5077660886134729	-0.9999991818650212
0.0933852140077821	0.9197530864197531	0.5065691502137676	-0.9999770981190712
0.11478599221789883	0.9176954732510288	0.5162407327344638	-0.9999534248526106
0.02529182879377432	0.9938271604938271	0.5095594946438007	-0.9999985728880372
0.13813229571984437	0.8909465020576132	0.5145393988887288	-0.9999340987629951
0.09533073929961089	0.9444444444444444	0.5198875918720276	-0.9999822923115829
0.033073929961089495	0.9814814814814815	0.5072777057212855	-0.999998124906267
0.9591439688715954	0.059670781893004114	0.5094073753822997	-0.8652373136781684
0.054474708171206226	0.9711934156378601	0.5128340619045332	-0.99999661317362
0.10700389105058365	0.9094650205761317	0.5082344558133577	-0.9999635088515172
0.10311284046692606	0.9259259259259259	0.514519383196426	-0.999970256020854
0.9844357976653697	0.03292181069958848	0.5086788041824791	-0.5547098068283365
0.36186770428015563	0.6584362139917695	0.5101519591359626	-0.999075252004378
0.14007782101167315	0.8991769547325102	0.5196273878720917	-0.9999467230872207
0.26653696498054474	0.7757201646090535	0.5211285647947991	-0.9996375798318284
0.08171206225680934	0.948559670781893	0.5151358665193512	-0.9999866009480297
0.9066147859922179	0.10493827160493827	0.505776528798578	-0.9170713606790384
0.05252918287937743	0.9629629629629629	0.5077460729211701	-0.9999965235065119
0.32490272373540857	0.7551440329218106	0.5400233783286096	-0.9994060010709311
0.31906614785992216	0.7510288065843621	0.5350474772221421	-0.9994208185339822
0.122568093385214	0.8888888888888888	0.5057284911370514	-0.9999536381645978
0.9124513618677043	0.09670781893004116	0.5045795903988727	-0.9100845325616254
0.914396887159533	0.09465020576131687	0.504523546460425	-0.9042981510678162
0.9124513618677043	0.09670781893004116	0.5045795903988727	-0.9064626545726127
0.6439688715953308	0.3950617283950617	0.5195152999951962	-0.9759579598098779
0.2509727626459144	0.7695473251028807	0.5102600438743976	-0.9969730641497565
0.2529182879377432	0.7921810699588477	0.5225496789482955	-0.9976171163225921
0.6984435797665369	0.35185185185185186	0.5251477158091944	-0.9682639193492394
0.669260700389105	0.39094650205761317	0.5301036012233591	-0.973947406965321
0.6731517509727627	0.3868312757201646	0.5299915133464637	-0.973160737885222
0.7062256809338522	0.3292181069958848	0.5177218939648685	-0.9648122504296408
0.5350194552529183	0.551440329218107	0.5432298922355127	-0.985148125330016
0.5778210116731517	0.49794238683127573	0.5378816992522137	-0.9817633916323755
0.9396887159533074	0.07818930041152264	0.508939008182415	-0.8367707387711474
0.556420233463035	0.46502057613168724	0.5107204047973611	-0.9839265401185578
0.8521400778210116	0.1748971193415638	0.5135185985812877	-0.9084474867839986
0.5252918287937743	0.5534979423868313	0.5393948855903028	-0.9845902101748314
0.556420233463035	0.5246913580246914	0.5405557957438631	-0.9825409233994349
0.6284046692607004	0.4074074074074074	0.5179060383340539	-0.9762658008691498
0.811284046692607	0.29218106995884774	0.5517325583257273	-0.91436665005964
0.622568093385214	0.43209876543209874	0.5273334294086564	-0.9554683378160084
0.8385214007782101	0.2551440329218107	0.5468327168500104	-0.8675765522793455
0.5544747081712063	0.5390946502057613	0.5467846791884838	-0.96428625338026
0.7062256809338522	0.41358024691358025	0.5599029639237162	-0.9428252400011703
0.8132295719844358	0.3148148148148148	0.5640221933996253	-0.9064496372323941
0.8229571984435797	0.3148148148148148	0.5688860066291973	-0.901473393178717
0.5758754863813229	0.5	0.5379377431906615	-0.9743444588519506
0.4280155642023346	0.6893004115226338	0.5586579878624842	-0.9909264737684625
0.5097276264591439	0.551440329218107	0.5305839778386254	-0.9843254332923999
0.754863813229572	0.40329218106995884	0.5790779971497654	-0.9260419830314317
0.6264591439688716	0.49382716049382713	0.5601431522313494	-0.9647565829839437
0.4883268482490272	0.6481481481481481	0.5682374981985877	-0.9817273508952998
0.6070038910505836	0.49176954732510286	0.5493867191878432	-0.9644834248999734
0.7490272373540856	0.3374485596707819	0.5432378985124338	-0.934806974846116
0.45136186770428016	0.6275720164609053	0.5394669420825927	-0.9870309972729777
0.321011673151751	0.7695473251028807	0.5452794991273159	-0.9952835547274445
0.7684824902723736	0.28189300411522633	0.5251877471938	-0.9068326354645703
0.1264591439688716	0.9156378600823045	0.5210485020255881	-0.9991571964892056
0.7042801556420234	0.3395061728395062	0.5218931642407648	-0.9243107442624583
0.7568093385214008	0.33539094650205764	0.5461001425117292	-0.9308680571224208
0.6614785992217899	0.5041152263374485	0.5827969127796192	-0.9569340119945756
0.6984435797665369	0.47530864197530864	0.5868761108709228	-0.945481647855711
0.6750972762645915	0.4074074074074074	0.5412523418359995	-0.9563335683957062
0.5972762645914397	0.49176954732510286	0.5445229059582712	-0.9718028189600956
0.6789883268482491	0.44650205761316875	0.562745192230709	-0.9538343512524449
0.7782101167315175	0.41358024691358025	0.5958951818225489	-0.9253466518854586
0.5408560311284046	0.588477366255144	0.5646666986917743	-0.9785882846698075
0.14396887159533073	0.8991769547325102	0.5215729131639205	-0.9989083692353785
0.4571984435797665	0.5946502057613169	0.5259243246705417	-0.9803832120036577
0.10311284046692606	0.934156378600823	0.5186346095338745	-0.9992740704534254
0.6167315175097277	0.4176954732510288	0.5172134953803782	-0.9466573654921833
0.21011673151750973	0.8395061728395061	0.5248114521785079	-0.9980563549807396
0.6128404669260701	0.41975308641975306	0.5162967766729116	-0.9400988660560226
0.1556420233463035	0.8765432098765432	0.5160926166114234	-0.9982458416087511
0.2723735408560311	0.7839506172839507	0.5281620790699909	-0.9908277907779053
0.2898832684824903	0.742798353909465	0.5163408111959776	-0.9860059326852743
0.3132295719844358	0.720164609053498	0.516697090518967	-0.9837760984478623
0.301556420233463	0.7592592592592593	0.5304078397463612	-0.9871533681515992
0.019455252918287938	0.9917695473251029	0.5056124001216954	-0.9999876223277971
0.01556420233463035	0.98559670781893	0.5005804550767802	-0.9999884112299793
0.011673151750972763	0.9979423868312757	0.5048077692911243	-0.9999956588866292
0.22568093385214008	0.8292181069958847	0.5274495204240124	-0.9962876676837304
0.6575875486381323	0.42386831275720166	0.540727930697667	-0.9305980557328545
0.556420233463035	0.5267489711934157	0.5415846023282254	-0.9639048808894772
0.3968871595330739	0.6810699588477366	0.5389785591904053	-0.9850087292769788
0.42412451361867703	0.6584362139917695	0.5412803638052233	-0.9817030744909719
0.42412451361867703	0.6502057613168725	0.5371651374677747	-0.981490445398093
