Acc0	Acc1	AccAver	threshold
1.0	0.0	0.5	inf
0.4377431906614786	0.6234567901234568	0.5305999903924676	0.8663296135301699
0.490272373540856	0.9032921810699589	0.6967822773054074	0.895304617791103
0.4455252918287938	0.6810699588477366	0.5632976253382652	0.34269850064152196
0.5077821011673151	0.8888888888888888	0.698335495028102	0.7703534154087217
0.4182879377431907	0.6502057613168725	0.5342468495300315	0.15142341940502635
0.433852140077821	0.7613168724279835	0.5975845062529023	-0.4213866064530417
0.2490272373540856	0.9238683127572016	0.5864477750556436	0.12036055398677359
0.2490272373540856	0.9197530864197531	0.5843901618869194	0.10719101876371107
0.3443579766536965	0.7901234567901234	0.56724071672191	0.5624362612127032
0.301556420233463	0.7860082304526749	0.5437823253430689	0.05562099041085422
0.6381322957198443	0.654320987654321	0.6462266416870827	0.5316199658856198
0.34824902723735407	0.8024691358024691	0.5753590815199117	-0.9247513942272165
0.9844357976653697	0.0205761316872428	0.5025059646763063	0.8821587681715095
0.9027237354085603	0.19135802469135801	0.5470408800499592	0.43551002601399547
0.914396887159533	0.1646090534979424	0.5395029703287377	0.35692157580640926
0.8910505836575876	0.205761316872428	0.5484059502650078	0.4592471325015699
0.9630350194552529	0.04526748971193416	0.5041512545835936	0.7657517284245541
0.7898832684824902	0.2613168724279835	0.5256000704552368	0.43354831105858094
0.9630350194552529	0.059670781893004114	0.5113529006741285	0.7256409966075239
0.23735408560311283	0.8477366255144033	0.542545355558758	-0.9118706319403397
0.9046692607003891	0.20987654320987653	0.5572729019551328	0.1743980073386524
0.6361867704280155	0.4506172839506173	0.5434020271893164	-0.40656325297900453
0.6478599221789884	0.4609053497942387	0.5543826359866135	-0.5490452825913301
0.8326848249027238	0.31069958847736623	0.571692206690045	-0.7375474827539295
0.7568093385214008	0.45267489711934156	0.6047421178203711	-0.581674353939893
0.8035019455252919	0.39300411522633744	0.5982530303758147	-0.5890741023654007
0.6673151750972762	0.5905349794238683	0.6289250772605723	-0.7077029464677018
0.39299610894941633	0.7469135802469136	0.5699548445981649	-0.981919843114809
0.3326848249027237	0.7242798353909465	0.5284823301468351	-0.987203903387686
0.11867704280155641	0.9197530864197531	0.5192150646106547	-0.9999670605628893
0.9027237354085603	0.2366255144032922	0.5696746249059262	-0.9151713664696578
0.9591439688715954	0.2716049382716049	0.6153744535716001	-0.8723983911030964
0.033073929961089495	0.9753086419753086	0.5041912859681991	-0.9999986992272795
0.933852140077821	0.1111111111111111	0.5224816255944661	-0.8221827929675293
0.9844357976653697	0.03497942386831276	0.5097076107668412	-0.6287684017354866
0.9474708171206225	0.09670781893004116	0.5220893180253319	-0.7895819151180545
0.9377431906614786	0.30246913580246915	0.6201061632319739	-0.896930838672217
0.9046692607003891	0.31069958847736623	0.6076844245888777	-0.9219994346057998
0.754863813229572	0.3436213991769547	0.5492426062032634	-0.908908661006257
0.7198443579766537	0.4506172839506173	0.5852308209636354	-0.9154785326641446
0.5875486381322957	0.588477366255144	0.5880130021937199	-0.952874411371747
0.7295719844357976	0.46502057613168724	0.5972962802837425	-0.908072226279036
0.5038910505836576	0.6625514403292181	0.5832212454564378	-0.9788960110801954
0.5019455252918288	0.6666666666666666	0.5843060959792477	-0.97964983305831
0.7042801556420234	0.5576131687242798	0.6309466621831517	-0.9426998836723137
0.7412451361867705	0.5041152263374485	0.6226801812621094	-0.9316261458009805
0.7431906614785992	0.5041152263374485	0.6236529439080238	-0.9316786964307895
0.8326848249027238	0.44650205761316875	0.6395934412579463	-0.7985242292202328
0.7237354085603113	0.5473251028806584	0.6355302557204848	-0.9521145141733974
0.603112840466926	0.6213991769547325	0.6122560087108293	-0.9813197632027819
0.6400778210116731	0.5102880658436214	0.5751829434276472	-0.9849910507636169
0.7237354085603113	0.4670781893004115	0.5954067989303614	-0.9674669851042432
0.8463035019455253	0.257201646090535	0.5517525740180301	-0.9194634098930553
0.4591439688715953	0.6316872427983539	0.5454156058349746	-0.9935956263299495
0.9552529182879378	0.11934156378600823	0.537297241036973	-0.6732207427872452
0.7354085603112841	0.5061728395061729	0.6207906999087285	-0.9499784268734492
0.7295719844357976	0.3888888888888889	0.5592304366623433	-0.9596181683808881
0.77431906614786	0.3230452674897119	0.5486821668187859	-0.9373900657479961
0.4143968871595331	0.6975308641975309	0.555963875678532	-0.9956187733286557
0.642023346303502	0.49794238683127573	0.5699828665673888	-0.9743835330181209
0.7626459143968871	0.37448559670781895	0.568565755552353	-0.9328519702938511
0.9163424124513618	0.2880658436213992	0.6022041280363806	-0.7864088425159984
0.9163424124513618	0.2880658436213992	0.6022041280363806	-0.7966761407493336
0.8813229571984436	0.24074074074074073	0.5610318489695921	-0.6025468907154459
0.6575875486381323	0.6522633744855967	0.6549254615618645	-0.88121990517869
0.6536964980544747	0.6481481481481481	0.6509223231013115	-0.8818929051738132
0.07198443579766536	0.9362139917695473	0.5040992137836063	-0.9994193347222117
0.5778210116731517	0.44238683127572015	0.510103921474436	-0.9320314788977766
0.7587548638132295	0.4711934156378601	0.6149741397255448	-0.7933286775107435
0.9474708171206225	0.20164609053497942	0.574558453827801	-0.44381031343081734
0.9591439688715954	0.17901234567901234	0.5690781572753039	-0.3678464170162641
0.896887159533074	0.27983539094650206	0.588361275239788	-0.5664251355970995
0.9202334630350194	0.2777777777777778	0.5990056204063986	-0.5004202647921269
0.9046692607003891	0.3230452674897119	0.6138572640950505	-0.6283223553410406
0.6731517509727627	0.5061728395061729	0.5896622952394678	-0.8885567342558209
0.5836575875486382	0.565843621399177	0.5747506044739076	-0.9242393444057065
0.8793774319066148	0.1831275720164609	0.5312525019615378	-0.530512137002304
0.669260700389105	0.4403292181069959	0.5547949592480504	-0.8348846713303196
0.5972762645914397	0.522633744855967	0.5599550047237034	-0.9005955662974972
0.8735408560311284	0.2366255144032922	0.5550831852172103	-0.5347149097868613
0.6478599221789884	0.4794238683127572	0.5636418952458728	-0.8875206755565964
0.8249027237354085	0.3292181069958848	0.5770604153656467	-0.6344317484856195
0.6128404669260701	0.5123456790123457	0.5625930729692079	-0.8771657892479084
0.5544747081712063	0.5967078189300411	0.5755912635506237	-0.9030629053329042
0.566147859922179	0.5781893004115226	0.5721685801668508	-0.8869899425141459
0.6245136186770428	0.5082304526748971	0.5663720356759699	-0.9006824543341935
0.622568093385214	0.5102880658436214	0.5664280796144177	-0.9032603372762138
0.6984435797665369	0.4506172839506173	0.5745304318585771	-0.8777108945271848
0.8891050583657587	0.2962962962962963	0.5927006773310275	-0.571073978864668
0.8929961089494164	0.29835390946502055	0.5956750092072185	-0.5595409149164234
0.8560311284046692	0.32510288065843623	0.5905670045315528	-0.6269660036106627
0.8949416342412452	0.2839506172839506	0.5894461257625979	-0.5310202497785965
0.8540856031128404	0.32510288065843623	0.5895942418856384	-0.6244974326441708
0.6108949416342413	0.5370370370370371	0.5739659893356392	-0.8922462986561674
0.6128404669260701	0.5308641975308642	0.5718523322284672	-0.8961222899187314
0.6108949416342413	0.5411522633744856	0.5760236025043635	-0.8953921399691706
0.5797665369649806	0.5617283950617284	0.5707474660133545	-0.9445597855138083
0.669260700389105	0.48148148148148145	0.5753710909352933	-0.8890954106833833
0.5272373540856031	0.5823045267489712	0.5547709404172871	-0.948152482781316
0.6186770428015564	0.49176954732510286	0.5552232950633297	-0.9181745852851382
0.6459143968871596	0.5061728395061729	0.5760436181966662	-0.8968268125239389
0.35992217898832685	0.7078189300411523	0.5338705545147395	-0.9480051244113846
0.31906614785992216	0.742798353909465	0.5309322508846936	-0.9597081825869807
0.8229571984435797	0.3868312757201646	0.6048942370818722	-0.7165575598211911
0.7879377431906615	0.3683127572016461	0.5781252501961538	-0.7170008009120494
0.8599221789883269	0.18724279835390947	0.5235824886711182	-0.38314033331545927
0.8657587548638133	0.17695473251028807	0.5213567436870506	-0.34425408058097096
1.0	0.0	0.5	inf
1.0	0.0	0.5	inf
0.02529182879377432	0.9835390946502057	0.50441546172199	-0.9996320690133865
0.017509727626459144	0.9917695473251029	0.504639637475781	-0.9998844938110093
0.017509727626459144	0.9917695473251029	0.504639637475781	-0.9998934190588123
0.009727626459143969	0.9938271604938271	0.5017773934764855	-0.9998983913612537
0.05058365758754864	0.9711934156378601	0.5108885366127044	-0.9991636787333461
0.07782101167315175	0.9382716049382716	0.5080463083057116	-0.9975118396680251
0.980544747081712	0.024691358024691357	0.5026180525532017	0.26971008544969455
0.06809338521400778	0.9444444444444444	0.5062689148292261	-0.9973716533830084
0.019455252918287938	0.9938271604938271	0.5066412067060575	-0.9998122187560973
0.8249027237354085	0.23045267489711935	0.527677699316264	-0.4996689557612545
0.09533073929961089	0.9259259259259259	0.5106283326127684	-0.996209037981005
0.4085603112840467	0.6646090534979424	0.5365846823909945	-0.9412235472074227
0.6381322957198443	0.448559670781893	0.5433459832508687	-0.8099288950383554
0.6459143968871596	0.448559670781893	0.5472370338345263	-0.8102134265810569
0.48638132295719844	0.5925925925925926	0.5394869577748955	-0.8999136122282919
0.7821011673151751	0.30864197530864196	0.5453715713119085	-0.6395048139199029
0.6926070038910506	0.41975308641975306	0.5561800451554018	-0.7970509042081059
0.6906614785992218	0.42592592592592593	0.5582937022625738	-0.7989764415960924
0.5330739299610895	0.5699588477366255	0.5515163888488575	-0.8743094611694349
0.5603112840466926	0.5370370370370371	0.5486741605418648	-0.844962424362492
0.5019455252918288	0.5802469135802469	0.5410962194360378	-0.8711445589974861
0.5972762645914397	0.5781893004115226	0.5877327825014811	-0.8484369078695505
0.42023346303501946	0.7263374485596708	0.5732854557973451	-0.9396054619620876
0.6653696498054474	0.5205761316872428	0.5929728907463452	-0.8507568366822343
0.7568093385214008	0.3374485596707819	0.5471289490960913	-0.6890513670040339
0.6634241245136187	0.49588477366255146	0.579654449088085	-0.8295505719583367
0.5544747081712063	0.49588477366255146	0.5251797409168788	-0.8566566507316817
1.0	0.00205761316872428	0.5010288065843621	0.5737639810731998
0.546692607003891	0.5637860082304527	0.5552393076171718	-0.9324123464018516
0.5836575875486382	0.4732510288065844	0.5284543081776113	-0.9076448926581407
0.46303501945525294	0.602880658436214	0.5329578389457335	-0.9497850581821006
0.8754863813229572	0.18930041152263374	0.5323933964227955	-0.5603026298412064
0.9066147859922179	0.1440329218106996	0.5253238539014587	-0.5143229553688182
0.4357976653696498	0.6234567901234568	0.5296272277465532	-0.9481763643739027
0.20817120622568094	0.8168724279835391	0.51252181710461	-0.9844035921398631
0.7412451361867705	0.29012345679012347	0.5156842964884469	-0.7641337922417282
0.9124513618677043	0.11316872427983539	0.5128100430737699	-0.42190116877862294
0.122568093385214	0.8950617283950617	0.5088149108901379	-0.9967391406360535
0.9824902723735408	0.030864197530864196	0.5066772349522025	0.07566765694352307
0.1828793774319066	0.8518518518518519	0.5173656146418792	-0.9878836815008979
