Acc0	Acc1	AccAver	threshold
0.7507747512640679	0.6921232244973252	0.7214489878806966	0.4108188066478853
0.8236829228510847	0.7579782327983767	0.7908305778247307	-0.18951535849695245
0.8473332245963138	0.7814056447149972	0.8143694346556555	-0.018608950063566332
0.8644593051704452	0.7817745803357314	0.8231169427530883	0.23151758071877193
0.8644593051704452	0.7862018077845416	0.8253305564774934	0.11525719710281757
0.8615234056434513	0.7834347906290352	0.8224790981362433	-0.05201670496191757
0.8576088729407927	0.784910533111972	0.8212597030263824	-0.0047438894116248465
0.8576088729407927	0.784910533111972	0.8212597030263824	-0.004743748141357362
0.8576088729407927	0.784910533111972	0.8212597030263824	-0.004765529918790312
