Acc0	Acc1	AccAver	threshold
0.7507747512640679	0.6921232244973252	0.7214489878806966	0.36320169841849737
0.7842113847659435	0.7247740269323003	0.754492705849122	0.03749843437433964
0.7946501386396999	0.7113078767755027	0.7529790077076013	-0.03584836623117216
0.8031316261621269	0.7137059583102748	0.7584187922362009	-0.08995294745796256
0.8031316261621269	0.7137059583102748	0.7584187922362009	-0.08995294745796256
0.8184635459142064	0.732152739346984	0.7753081426305952	0.03981554498992845
0.8755504811613114	0.7397159195720346	0.8076332003666731	0.22236541291974832
0.8693524710487686	0.7146282973621103	0.7919903842054394	0.09397381543956707
0.8656010438753874	0.7315993359158827	0.798600189895635	0.007061022550047813
0.8812591746860219	0.7507839881940601	0.816021581440041	0.11413467485242745
0.8652748328168325	0.7640656705404907	0.8146702516786616	0.07679401130437458
0.8331430435491763	0.8055709278730862	0.8193569857111312	-0.8490930253350129
0.8306964606100147	0.8147943183914407	0.8227453895007277	-0.8458698384694261
0.8554885010601859	0.8605423353624793	0.8580154182113326	-0.13443488127950687
0.8587506116457347	0.8854454897620365	0.8720980507038856	-0.05949474129039811
0.8801174359810797	0.8629404168972514	0.8715289264391656	-0.03418934478010094
0.8801174359810797	0.8629404168972514	0.8715289264391656	-0.03418934478010094
0.8719621595172077	0.8948533480907581	0.8834077538039828	-0.005615481224956698
0.8884358179742293	0.8885814425382771	0.8885086302562533	-0.34676877571147435
0.8884358179742293	0.8885814425382771	0.8885086302562533	-0.34676877571147435
0.8884358179742293	0.8885814425382771	0.8885086302562533	-0.34676877571147435
0.8474963301255912	0.8149787862018077	0.8312375581636995	-0.8723048220184273
0.8620127222312837	0.8122117690463014	0.8371122456387925	-0.8662371500221151
0.887946501386397	0.8699501936912009	0.8789483475387989	-0.620684233674937
0.8996900994943728	0.3030806124331304	0.6013853559637516	-0.9223384689224279
0.8722883705757625	0.2951484965873455	0.583718433581554	-0.9180872215761344
0.9460120698091665	0.07673860911270983	0.5113753394609382	-0.8487330668514275
0.9469907029848312	0.07581627006087438	0.5114034865228528	-0.8485086215281884
0.7910618169955962	0.8242021767201624	0.8076319968578793	-0.46827079789664705
0.7910618169955962	0.8245711123408965	0.8078164646682464	-0.46834401309613793
0.768553253955309	0.8349013097214536	0.8017272818383814	-0.05363334615736692
0.8962648833795466	0.8472606530160487	0.8717627681977976	0.05087093500040174
0.8675583102267167	0.8387751337391626	0.8531667219829396	-0.5429757150295242
0.8675583102267167	0.8387751337391626	0.8531667219829396	-0.5429757150295242
0.8748980590442016	0.855930640103302	0.8654143495737519	-0.5156626785224054
0.8962648833795466	0.8472606530160487	0.8717627681977976	0.05087093500040174
0.8858261295057902	0.874377421140011	0.8801017753229006	-0.13403483876538735
0.8881096069156744	0.872163807415606	0.8801367071656402	-0.13012161504787734
0.8882727124449519	0.8719793396052389	0.8801260260250954	-0.12998881160954023
0.9138802805415104	0.8717948717948718	0.892837576168191	-0.1661428883892978
0.9173054966563366	0.8688433868289983	0.8930744417426675	-0.16493933751596157
0.9114336976023487	0.8802803910717579	0.8958570443370533	-0.13201643612220548
0.9111074865437938	0.8810182623132263	0.8960628744285101	-0.13416510321229458
0.897895938672321	0.8828629404168973	0.8903794395446092	-0.053023746584217935
0.9075191648996901	0.8847076185205681	0.8961133917101292	-0.13604396040070377
0.9036046321970315	0.8891348459693783	0.8963697390832048	-0.14143822816376495
0.9111074865437938	0.8847076185205681	0.8979075525321809	-0.5301239337633451
0.912249225248736	0.8828629404168973	0.8975560828328166	-0.5308488754679374
0.7768716359484586	0.49861649142224684	0.6377440636853527	-0.6173918686484707
0.7514271733811776	0.8299206788415422	0.7906739261113599	-0.9432111630186678
0.7533844397325069	0.8288138719793396	0.7910991558559233	-0.9430799317706041
0.7484912738541837	0.8286294041689725	0.7885603390115781	-0.9425163009905424
0.7993801989887457	0.8668142409149603	0.8330972199518529	-0.9136708537987817
0.7993801989887457	0.8668142409149603	0.8330972199518529	-0.9136651627151958
0.8130810634480509	0.8103670909426305	0.8117240771953407	-0.8823806610514457
0.8360789430761703	0.8212506917542889	0.8286648174152296	-0.87435187512471
0.8088403196868373	0.7767939494558199	0.7928171345713286	-0.8361558936508877
0.8073723699233404	0.7791920309905921	0.7932822004569662	-0.8378024197117337
0.8086772141575599	0.7797454344216934	0.7942113242896267	-0.8378143337474393
0.8070461588647855	0.7788230953698579	0.7929346271173217	-0.8370460609349162
0.8129179579187734	0.7740269323003136	0.7934724451095435	-0.8343606735376551
0.9319849942913064	0.22486626083748387	0.5784256275643952	-0.3116268081268011
1.0	0.0	0.5	inf
0.45327026586201274	0.7210846707249585	0.5871774682934856	-0.6944572625557875
0.4752895123144675	0.7022689540675152	0.5887792331909913	-0.6908241434699847
0.4428315119882564	0.8345323741007195	0.6386819430444879	-0.5031989001133752
0.7240254444625673	0.8118428334255673	0.7679341389440673	-0.356117890217743
0.2179089871146632	0.8955912193322265	0.5567501032234449	-0.8044660980729235
0.34350024465829393	0.833794502859251	0.5886473737587725	-0.7691470863506958
0.7439243190344152	0.8385906659287954	0.7912574924816054	-0.4083809609574197
0.8701679986951558	0.8242021767201624	0.8471850877076591	-0.4146566617152676
0.8466808024792041	0.8699501936912009	0.8583154980852025	-0.4786508631364329
0.8466808024792041	0.8714259361741377	0.8590533693266709	-0.48259985589176024
0.8465176969499266	0.8708725327430363	0.8586951148464814	-0.479618202757802
0.8466808024792041	0.8708725327430363	0.8587766676111201	-0.4794416253507193
0.5488501060185941	0.7616675890057185	0.6552588475121564	-0.6473607090489857
0.8563040287065732	0.5045194613539937	0.6804117450302835	-0.11753263907259659
0.854020551296689	0.5124515771997786	0.6832360642482338	-0.1266727577523875
0.5470559451965422	0.7788230953698579	0.6629395202832	-0.643055515318033
0.5925623878649486	0.738240177089098	0.6654012824770232	-0.6210133469071131
0.580166367639863	0.7500461169525918	0.6651062422962274	-0.6274699745011573
0.55292774425053	0.7775318206972883	0.6652297824739092	-0.6427311332025083
0.5914206491600065	0.7391625161409334	0.66529158265047	-0.6217141818507907
0.5048116131136845	0.8339789706696181	0.6693952918916513	-0.5939390502094338
0.7326700375142717	0.7146282973621103	0.7236491674381911	-0.28146871006636265
0.3661719132278584	0.756686958125807	0.5614294356768327	-0.5326110858526942
0.7258196052846192	0.7197933960523889	0.722806500668504	-0.2827518175161631
0.8122655358016637	0.7061427780852241	0.7592041569434439	-0.2863092024387802
0.8161800685043223	0.7452499538830474	0.7807150111936849	-0.32961456390750576
0.8165062795628771	0.7284633831396421	0.7724848313512596	-0.29048255036301907
0.8230305007339749	0.7245895591219332	0.773810029927954	-0.2901316210711896
0.8315119882564019	0.7162885076554141	0.7739002479559081	-0.28277333688487283
0.8138965910944381	0.7242206235011991	0.7690586072978186	-0.2673816354525681
0.8130810634480509	0.7249584947426674	0.7690197790953591	-0.2682347078103482
0.8117762192138314	0.7251429625530345	0.7684595908834329	-0.26696118168361904
0.446746044690915	0.7317838037262497	0.5892649242085823	-0.5944862082624854
0.44837709998368946	0.7328906105884523	0.5906338552860708	-0.5967104510325866
0.4792040450171261	0.7037446965504519	0.5914743707837891	-0.5794726514781474
0.46746044690915023	0.7904445674229846	0.6289525071660674	-0.6453452079016812
0.8005219376936878	0.7419295332964397	0.7712257354950638	-0.2806676909896565
