Acc0	Acc1	AccAver	threshold
0.7507747512640679	0.6921232244973252	0.7214489878806966	0.36320169841849737
0.7842113847659435	0.7247740269323003	0.754492705849122	0.03749843437433964
0.7946501386396999	0.7113078767755027	0.7529790077076013	-0.03584836623117216
0.9102919588974067	0.5904814609850582	0.7503867099412325	-0.21567980642482187
0.7946501386396999	0.7113078767755027	0.7529790077076013	-0.03584836623117249
0.9102919588974067	0.5904814609850582	0.7503867099412325	-0.2156798064248222
0.9416082205186755	0.5458402508762221	0.7437242356974488	-0.155499658596019
0.9184472353612787	0.6037631433314886	0.7611051893463836	-0.2042138449533072
0.892350350676888	0.6408411732152739	0.7665957619460809	-0.25125628163981806
0.8939814059696624	0.6426858513189448	0.7683336286443037	-0.23488220371836133
0.9040939487848638	0.6284818299206788	0.7662878893527714	-0.2342219623109496
0.8783232751590279	0.7784541597491238	0.8283887174540758	-0.1670369321823314
0.89349208938183	0.7756871425936174	0.8345896159877237	-0.2811116144119994
0.869515576578046	0.8221730308061244	0.8458443036920852	-0.23689884617205081
0.8654379383461099	0.829736211031175	0.8475870746886425	-0.2359234006351637
0.8499429130647529	0.8291828076000738	0.8395628603324133	-0.3271679237720274
0.8504322296525852	0.8291828076000738	0.8398075186263295	-0.3281308516528836
0.658293916163758	0.799299022320605	0.7287964692421816	-0.5975815671528484
0.8302071440221823	0.8018815716657444	0.8160443578439633	-0.5267378311396345
0.9006687326700376	0.8302896144622763	0.8654791735661569	-0.33806146596551856
0.9053987930190833	0.8243866445305295	0.8648927187748063	-0.33058525746876044
0.9039308432555864	0.8264157904445675	0.8651733168500769	-0.3312811036584826
0.8833795465666286	0.8179302711676812	0.8506549088671549	-0.6575539028465962
0.8872940792692873	0.8326876959970485	0.8599908876331679	-0.6653176531554834
0.8915348230305007	0.8385906659287954	0.865062744479648	-0.6688119208591912
0.8949600391453271	0.8304740822726434	0.8627170607089852	-0.6642724031259526
0.8824009133909639	0.8474451208264158	0.8649230171086899	-0.6480683413210833
0.8174849127385418	0.7624054602471869	0.7899451864928644	-0.6569420899957281
0.8545098678845213	0.7743958679210478	0.8144528679027845	-0.3547999183180952
0.8545098678845213	0.7743958679210478	0.8144528679027845	-0.3547999183180952
0.8912086119719459	0.8378527946873271	0.8645307033296366	-0.07420681822017428
0.8784863806883053	0.8646006271905552	0.8715435039394303	-0.14870588052697786
0.892024139618333	0.8561151079136691	0.8740696237660011	-0.08673856931751656
0.896427988908824	0.8751152923814794	0.8857716406451517	-0.06381401803592757
0.896427988908824	0.8751152923814794	0.8857716406451517	-0.06381401803592757
0.896427988908824	0.8751152923814794	0.8857716406451517	-0.5319070090179638
0.8982221497308759	0.8725327430363402	0.885377446383608	-0.5303530898014254
0.8947969336160496	0.8771444382955175	0.8859706859557835	-0.5329996807370938
0.885336812917958	0.8828629404168973	0.8840998766674276	-0.4678490544571575
0.9057250040776382	0.9129311935067331	0.9093280987921857	-0.3517510169014515
0.8993638884358179	0.9175428887659104	0.9084533886008641	-0.3637601948327168
0.9099657478388518	0.9020475926950747	0.9060066702669632	-0.32818195707958775
0.7488174849127386	0.8736395498985428	0.8112285174056406	-0.6088259586291396
0.5214483770999837	0.892639734366353	0.7070440557331683	-0.6229764864600775
0.9124123307780134	0.9002029145914038	0.9063076226847087	-0.3266114126878592
0.9166530745392268	0.8983582364877329	0.90750565551348	-0.32329697667148116
0.9151851247757299	0.900571850212138	0.907878487493934	-0.3182798650140216
0.9179579187734465	0.8974358974358975	0.907696908104672	-0.3172067426996842
0.919262763007666	0.8992805755395683	0.9092716692736171	-0.32069234849253725
0.9140433860707878	0.9077660948164545	0.9109047404436212	-0.33440983206020836
0.89349208938183	0.8920863309352518	0.8927892101585408	-0.8367387767869152
0.8926765617354429	0.8954067515218594	0.8940416566286511	-0.8381830627969871
0.8758766922198663	0.8931931377974544	0.8845349150086603	-0.8135067469229351
0.8799543304518023	0.8880280391071758	0.883991184779489	-0.8096753564886514
0.8165062795628771	0.8064932669249216	0.8114997732438993	-0.6318967064118399
0.845212852715707	0.799299022320605	0.822255937518156	-0.6242900185522338
0.697765454248899	0.7948717948717948	0.7463186245603469	-0.7838412517913652
0.6990702984831185	0.7933960523888581	0.7462331754359883	-0.7822842614010966
0.848148752242701	0.8503966057922893	0.8492726790174951	-0.6026960488741455
0.858098189528625	0.8404353440324663	0.8492667667805457	-0.5893418582172875
0.8484749633012559	0.843755764619074	0.846115363960165	-0.23878372289519723
0.8292285108465177	0.8836008116583656	0.8564146612524417	-0.27975925867722284
0.8243353449681944	0.8799114554510238	0.8521234002096091	-0.2668179507830969
0.5405317240254445	0.5886367828813872	0.5645842534534158	-0.4827068108540601
0.7096721578861523	0.695812580704667	0.7027423692954097	-0.5669536677908096
0.7108138965910944	0.6954436450839329	0.7031287708375136	-0.5665716053212402
0.7051052030663839	0.699870872532743	0.7024880377995635	-0.5674791051671387
0.6927091828412983	0.6967349197565025	0.6947220512989004	-0.5639951995056568
0.6979285597781765	0.7041136321711862	0.7010210959746813	-0.5698541259093284
0.7863317566465503	0.6980261944290721	0.7421789755378112	-0.5164085064217896
0.7967705105203067	0.7238516878804648	0.7603110992003858	-0.5336047478356356
0.7838851737073886	0.7354731599335916	0.7596791668204901	-0.5393706590953766
0.7969336160495841	0.7295701900018446	0.7632519030257143	-0.5304383061585974
0.8660903604632197	0.8729016786570744	0.8694960195601471	-0.17412539840130592
0.9050725819605284	0.9083194982475558	0.906696040104042	0.2830955377790092
0.8910455064426684	0.9094263051097583	0.9002359057762134	0.11285900368127666
0.8799543304518023	0.9129311935067331	0.8964427619792676	0.06426954700610965
0.7315282988093297	0.7948717948717948	0.7632000468405622	-0.37342081891354306
0.41184146142554234	0.762589928057554	0.5872156947415481	-0.6714782675328652
0.43239275811450006	0.7205312672938572	0.5764620127041786	-0.6456814870160148
0.9998368944707225	0.0005534034311012728	0.5001951489509119	-0.17492241129358543
0.1834937204371228	0.8550083010514665	0.5192510107442947	-0.6862764937238688
0.6724840972108954	0.6399188341634385	0.656201465687167	-0.7436568334140133
0.6628608709835263	0.6301420402139827	0.6465014555987545	-0.7387194142461821
0.6759093133257218	0.6336469286109574	0.6547781209683396	-0.7396687451227884
0.4873593214809982	0.7731045932484781	0.6302319573647381	-0.5309035229653538
0.7975860381666938	0.7991145545102379	0.7983502963384659	-0.5321063998224225
0.831185777197847	0.8638627559490869	0.847524266573467	-0.5227760118840545
0.8399934757788289	0.8919018631248847	0.8659476694518569	-0.5441530626937876
0.8430924808351004	0.8961446227633278	0.8696185517992141	-0.5464902981210742
0.8355896264883379	0.8976203652462645	0.8666049958673012	-0.5388276636076249
0.8408090034252161	0.8858144253827707	0.8633117144039935	-0.5268415762348895
0.8419507421301582	0.8972514296255304	0.8696010858778442	-0.5343508387863805
0.8421138476594356	0.8961446227633278	0.8691292352113817	-0.5336271270297452
0.8386886315446094	0.8987271721084671	0.8687079018265382	-0.5375049397382822
0.8789756972761377	0.8505810736026563	0.864778385439397	-0.2349512735974273
0.8796281193932475	0.8657074340527577	0.8726677767230027	-0.21730865928395593
0.8799543304518023	0.8646006271905552	0.8722774788211787	-0.21412010705258888
0.8693524710487686	0.87825124515772	0.8738018581032443	-0.6481342083419139
0.854020551296689	0.8788046485888212	0.8664125999427551	-0.646622236455463
