Acc0	Acc1	AccAver	threshold
0.7507747512640679	0.6921232244973252	0.7214489878806966	0.36320169841849737
0.7842113847659435	0.7247740269323003	0.754492705849122	0.03749843437433964
0.7946501386396999	0.7113078767755027	0.7529790077076013	-0.03584836623117216
0.7946501386396999	0.7113078767755027	0.7529790077076013	-0.5179241831155861
0.7930190833469255	0.7297546578122117	0.7613868705795686	-0.488667780239739
0.7633338770184309	0.7026378896882494	0.7329858833533401	-0.35728119370405353
0.8339585711955635	0.764619073971592	0.7992888225835777	-0.1376837276513464
0.8714728429293753	0.7889688249400479	0.8302208339347117	-0.2480092007152358
0.8587506116457347	0.8186681424091496	0.8387093770274422	-0.2728993738939979
0.8561409231772957	0.821435159564656	0.8387880413709758	-0.2738618915550811
0.6346436144185288	0.7596384430916805	0.6971410287551046	-0.5120104457389725
0.41347251671831675	0.9049990776609481	0.6592357971896324	-0.5255121379730849
0.45522753221334206	0.8802803910717579	0.66775396164255	-0.5139500323045134
0.4240743761213505	0.9118243866445306	0.6679493813829406	-0.5293846953682778
0.42603164247267983	0.9105331119719609	0.6682823772223203	-0.5276056009351795
0.641330941118904	0.8893193137797454	0.7653251274493247	-0.47244925561415163
0.8398303702495514	0.8957756871425936	0.8678030286960725	-0.1554565817172432
0.8435817974229326	0.8858144253827707	0.8646981114028516	-0.20157898150149156
0.869515576578046	0.8788046485888212	0.8741601125834336	-0.1680458827207275
0.869515576578046	0.8788046485888212	0.8741601125834336	-0.1680458827207275
0.859566139292122	0.8913484596937834	0.8754572994929527	-0.23164267531931437
0.8678845212852716	0.9013097214536063	0.884597121369439	-0.2069923498188645
0.8677214157559942	0.9013097214536063	0.8845155686048003	-0.2110657143158523
0.8678845212852716	0.9031543995572773	0.8855194604212744	-0.2095386862344505
0.8678845212852716	0.9031543995572773	0.8855194604212744	-0.6047693431172253
0.8835426520959061	0.7092787308614646	0.7964106914786854	-0.4494442208875645
0.8840319686837383	0.7089097952407305	0.7964708819622344	-0.4492885177214293
0.8887620290327842	0.6917542888765911	0.7902581589546877	-0.42496066317396475
0.8887620290327842	0.6917542888765911	0.7902581589546877	-0.42495942262906605
0.8887620290327842	0.6917542888765911	0.7902581589546877	-0.42495942262906605
0.8858261295057902	0.6862202545655783	0.7860231920356843	-0.41348780709373567
0.8621758277605611	0.7131525548791736	0.7876641913198674	-0.43714992225208993
0.8747349535149241	0.718133185759085	0.7964340696370046	-0.44962096340193736
0.8760397977491436	0.7839881940601365	0.8300139959046401	-0.3862559303228349
0.873919425868537	0.7838037262497695	0.8288615760591532	-0.3811528162238732
0.8975697276137661	0.7046670356022874	0.8011183816080267	-0.061484349545736006
0.9040939487848638	0.697841726618705	0.8009678377017844	-0.04840430358572145
0.8812591746860219	0.7500461169525918	0.8156526458193069	-0.19207175050119074
0.8802805415103572	0.7511529238147944	0.8157167326625758	-0.1921789031625144
0.869515576578046	0.8197749492713522	0.8446452629246991	-0.10199619268971549
0.8708204208122655	0.8395130049806309	0.8551667128964482	-0.06789915261361501
0.8854999184472354	0.8271536616860358	0.8563267900666356	-0.0613879079280526
0.8859892350350677	0.829736211031175	0.8578627230331213	-0.08281949154937529
0.8874571847985647	0.8321342925659473	0.859795738682256	-0.5310979502812493
0.8748980590442016	0.8413576830843018	0.8581278710642517	-0.5299741807095802
0.8385255260153319	0.8371149234458587	0.8378202247305953	-0.6315902221851281
0.8507584407111402	0.8245711123408965	0.8376647765260183	-0.618985263595992
0.8556516065894634	0.8194060136506179	0.8375288101200407	-0.6149598557005032
0.8243353449681944	0.8267847260653016	0.8255600355167481	-0.6084166683395299
0.8329799380198989	0.821619627375023	0.827299782697461	-0.6062712539987347
0.8807698580981895	0.8269691938756687	0.8538695259869291	-0.4794833949344868
0.8735932148099821	0.8347168419110865	0.8541550283605344	-0.48589532922557754
0.8802805415103572	0.8341634384799852	0.8572219899951712	-0.48955241310381914
0.8933289838525525	0.8568529791551375	0.875090981503845	-0.40567220904184575
0.8951231446746045	0.8590665928795426	0.8770948687770735	-0.4113022838026057
0.9111074865437938	0.8522412838959601	0.881674385219877	-0.3534259067158533
0.8962648833795466	0.8671831765356945	0.8817240299576206	-0.3730308520061274
0.8905561898548361	0.8730861464674414	0.8818211681611388	-0.3466528936586529
0.8928396672647203	0.8745618889503781	0.8837007781075492	-0.34513073378207204
0.8775077475126407	0.8871057000553404	0.8823067237839906	-0.38180585051501637
0.876529114336976	0.8889503781590112	0.8827397462479936	-0.38242702058931366
0.8938183004403849	0.8850765541413024	0.8894474272908437	-0.39061539934228207
0.8727776871635948	0.6832687695997048	0.7780232283816498	-0.6223123353035009
0.8649486217582776	0.6852979155137429	0.7751232686360102	-0.6215960575075004
0.8667427825803294	0.6908319498247556	0.7787873662025425	-0.6262860717369005
0.8757135866905889	0.6806862202545656	0.7781999034725773	-0.3072658163862353
0.8895775566791714	0.8804648588821251	0.8850212077806483	0.09221612406334878
0.8987114663187082	0.9238147943183914	0.9112631303185499	-0.00016119054886243322
0.8202577067362583	0.8256779192030991	0.8229678129696787	-0.41526677123582034
0.8207470233240907	0.8258623870134661	0.8233047051687784	-0.4136907687172311
0.8130810634480509	0.8380372624976942	0.8255591629728725	-0.4264370532709215
0.700701353775893	0.7679394945581995	0.7343204241670462	-0.5720660254716703
0.7064100473006035	0.7729201254381111	0.7396650863693572	-0.5750307219311103
0.8510846517696949	0.8732706142778085	0.8621776330237517	-0.6076526940528759
0.8386886315446094	0.8808337945028593	0.8597612130237343	-0.606247692742407
0.8399934757788289	0.8745618889503781	0.8572776823646036	-0.5960335164459973
0.685206328494536	0.7959786017339974	0.7405924651142667	-0.672442949609176
0.8399934757788289	0.8745618889503781	0.8572776823646036	-0.5960335164459976
0.7939977165225901	0.8636782881387198	0.828838002330655	-0.5825223029345648
0.7939977165225901	0.8664453052942261	0.8302215109084081	-0.584502018861707
0.7984015658130811	0.8625714812765173	0.8304865235447991	-0.581710374451899
0.8178111237970968	0.8053864600627191	0.8115987919299079	-0.5208705370702029
0.8107975860381667	0.8271536616860358	0.8189756238621012	-0.5359876998402145
0.7736095253629098	0.7109389411547685	0.7422742332588392	-0.7306379618944376
0.8124286413309412	0.8253089835823649	0.818868812456653	-0.5355346596444994
0.811286902625999	0.8289983397897067	0.8201426212078529	-0.5380026007416631
0.6788452128527157	0.7146282973621103	0.6967367551074131	-0.6122396653180845
0.859566139292122	0.8367459878251245	0.8481560635586233	-0.42600173993952584
0.8541836568259664	0.8456004427227449	0.8498920497743556	-0.42733285517975383
0.8478225411841461	0.8765910348644161	0.8622067880242812	-0.4498269583001744
0.863969988582613	0.8692123224497326	0.8665911555161727	-0.4480715211456613
0.8504322296525852	0.8688433868289983	0.8596378082407918	-0.4463609291353421
0.873919425868537	0.8232798376683269	0.8485996317684319	-0.7471145872826606
0.8682107323438265	0.8312119535141118	0.8497113429289691	-0.7467712078352263
0.8422769531887131	0.8498432023611879	0.8460600777749505	-0.7509714452804627
0.8269450334366335	0.7985611510791367	0.8127530922578852	-0.8746966485238453
0.8217256564997554	0.8118428334255673	0.8167842449626613	-0.8770384095104533
0.8209101288533681	0.8727172108467073	0.8468136698500377	-0.7592680609340453
0.8308595661392921	0.8647850950009224	0.8478223305701073	-0.7504883427285437
0.8450497471864297	0.8461538461538461	0.8456017966701379	-0.738725482679093
